["config": {"fecha":{self.fecha}, "hora":{self.hora}, "FPS":{self.fps},"FPSDist":{self.fpsdist}, "FPSAp":{self.fpsapa}, "Confianza":{self.conf}, "CantidadApariciones": {self.cantapa}, "DeltaTiempo": {self.tiempo}},"data":]2|126|92|0|0|1034.5|1358|1
2|124|91|76|56|1566.0|1360|1
2|120|90|125|94|1511.5|1362|1
2|117|88|129|97|2199.0|1364|1
2|117|88|123|93|2514.0|1366|1
2|117|86|119|87|3008.5|1368|1
2|115|84|115|83|4860.5|1370|1
2|115|82|114|80|6186.0|1372|1
2|113|81|112|79|5841.0|1374|1
2|112|79|110|77|6654.0|1376|1
2|111|78|109|76|6208.5|1378|1
2|112|76|111|74|7038.0|1380|1
2|111|75|110|73|8083.0|1382|1
2|106|72|104|70|7198.0|1384|1
2|105|68|102|65|6906.0|1386|1
2|107|66|106|63|8484.5|1388|1
2|107|65|107|62|8978.0|1390|1
2|107|60|107|57|9847.5|1392|1
2|103|54|101|49|8941.5|1394|1
2|100|44|97|37|6557.0|1396|1
2|102|39|100|32|6677.0|1398|1
2|103|40|103|35|7894.0|1400|1
2|103|38|103|35|8625.5|1402|1
2|105|32|105|28|8841.0|1404|1
2|104|29|104|25|9458.5|1406|1
2|103|25|102|21|8746.5|1408|1
2|106|21|106|17|8940.0|1410|1
2|109|21|110|18|9073.5|1412|1
2|106|22|106|21|9805.5|1414|1
2|102|21|100|20|8844.0|1416|1
2|100|16|97|14|5316.0|1418|1
2|101|10|99|6|3553.0|1420|1
2|108|8|109|4|3267.5|1422|1
2|105|8|106|5|3267.0|1424|1
2|103|6|102|4|2414.5|1426|1
2|101|3|99|0|807.0|1428|1
2|105|3|105|1|950.5|1432|1
2|105|3|105|2|726.0|1434|1
2|104|2|104|1|599.5|1436|1
2|104|2|103|1|394.5|1438|0
3|123|95|0|0|1318.5|1484|1
3|122|94|75|57|1342.0|1486|1
3|121|93|126|97|1652.0|1488|1
3|122|92|135|102|2067.5|1490|1
3|122|91|130|96|2620.5|1492|1
3|123|89|127|90|3979.5|1494|1
3|124|89|126|89|4550.0|1496|1
3|124|88|124|87|4928.5|1498|1
3|124|87|124|86|5679.5|1500|1
3|124|85|124|83|6783.5|1502|1
3|123|83|122|81|7297.5|1504|1
3|125|82|125|80|7720.0|1506|1
3|128|79|129|77|8561.5|1508|1
3|130|77|132|74|8410.5|1510|1
3|130|74|131|71|8092.0|1512|1
3|131|72|132|69|8303.5|1514|1
3|131|70|131|67|8284.5|1516|1
3|131|67|131|64|7900.5|1518|1
3|135|63|136|59|8593.5|1520|1
3|133|65|133|63|8466.5|1522|1
3|131|66|130|65|8321.5|1524|1
3|131|66|130|66|8413.0|1526|1
3|131|65|130|64|8388.0|1528|1
3|131|65|130|64|8394.0|1530|1
3|131|66|130|66|8451.5|1532|1
3|131|66|130|66|8403.5|1534|1
3|131|66|130|66|8423.5|1536|1
3|131|66|131|66|8576.5|1538|1
3|131|67|131|67|8301.0|1540|1
3|131|66|131|66|8067.5|1542|1
3|130|65|129|64|7859.0|1544|1
3|130|63|129|61|7787.5|1546|1
3|132|62|132|60|7452.0|1548|1
3|132|61|132|59|7404.0|1550|1
3|133|61|133|60|7264.0|1552|1
3|132|59|132|57|6804.5|1554|1
3|133|58|133|56|6570.0|1556|1
3|133|56|133|54|6139.5|1558|1
3|133|55|133|53|5665.5|1560|1
3|133|55|133|54|5392.0|1562|1
3|132|54|131|53|5073.5|1564|1
3|131|53|130|52|4668.0|1566|1
3|132|52|131|51|4654.5|1568|1
3|132|48|132|46|3765.5|1568|1
3|133|50|133|48|4430.5|1570|0
4|131|45|0|0|5408.0|1590|1
4|131|46|80|28|6527.5|1592|1
4|131|47|137|49|7182.5|1594|1
4|129|46|143|51|7874.0|1596|1
4|131|47|140|50|8002.0|1598|1
4|128|44|131|44|8011.5|1600|1
4|127|38|127|35|8255.5|1602|1
4|127|38|126|35|8392.0|1604|1
4|125|36|124|33|7720.0|1606|1
4|125|34|124|32|7450.5|1608|1
4|122|31|120|28|7474.0|1610|1
4|121|26|119|22|7550.5|1612|1
4|120|25|118|22|7377.5|1614|1
4|119|24|117|22|7254.0|1616|1
4|118|22|116|20|6920.0|1618|1
4|118|19|117|16|7215.0|1620|1
4|117|17|116|14|6451.5|1622|1
4|117|14|116|11|5849.5|1624|1
4|118|13|118|10|5449.5|1626|1
4|118|12|118|10|4936.5|1628|1
4|119|12|119|11|5040.0|1630|1
4|119|12|119|11|4787.0|1632|1
4|120|10|120|9|3727.0|1634|1
4|116|7|115|5|2285.0|1636|1
4|115|7|113|5|2115.0|1638|1
4|114|7|112|6|1948.0|1640|1
4|115|5|114|4|1356.5|1642|1
4|113|4|112|2|1286.0|1644|1
4|113|3|112|1|644.0|1646|0
5|72|94|0|0|2586.5|1952|1
5|77|94|47|57|2320.0|1954|1
5|78|92|81|96|3059.0|1956|1
5|75|92|83|102|3994.5|1958|1
5|74|90|78|95|5626.5|1960|1
5|74|88|75|89|7008.5|1962|1
5|73|88|73|87|7836.0|1964|1
5|74|87|74|86|8098.5|1966|1
5|73|85|72|83|9396.5|1968|1
5|73|84|72|82|9496.0|1970|1
5|75|83|75|81|9278.5|1972|1
5|76|80|76|78|8736.5|1974|1
5|73|78|72|75|9550.5|1976|1
5|74|77|73|75|9909.0|1978|1
5|72|74|71|71|9881.0|1980|1
5|72|72|71|69|9718.0|1982|1
5|73|68|72|65|9358.0|1984|1
5|73|61|73|56|8885.0|1986|1
5|71|61|70|57|9773.5|1988|1
5|72|63|71|61|9977.5|1990|1
5|70|60|69|59|9642.0|1992|1
5|72|60|71|59|10139.0|1994|1
5|74|56|75|54|9854.0|1996|1
5|74|51|74|47|8555.5|1998|1
5|74|50|74|47|8736.0|2000|1
5|74|47|74|44|8800.5|2002|1
5|70|43|68|39|7928.5|2004|1
5|66|38|63|34|5884.0|2006|1
5|66|39|63|36|6858.0|2008|1
5|67|40|66|39|7972.0|2010|1
5|68|39|68|38|7946.0|2012|1
5|67|39|67|38|8162.5|2014|1
5|67|39|66|38|8850.0|2016|1
5|66|38|65|37|8726.5|2018|1
5|63|37|61|36|8538.5|2020|1
5|64|37|63|36|8301.0|2022|1
5|64|35|63|34|8592.0|2024|1
5|65|36|65|35|9151.0|2026|1
5|68|36|69|35|9648.5|2028|1
5|69|36|70|36|10022.0|2030|1
5|70|35|71|34|9609.5|2032|1
5|71|38|72|38|9429.5|2034|1
5|71|41|71|42|9276.5|2036|1
5|69|38|68|38|9297.5|2038|1
5|67|35|65|33|9522.5|2040|1
5|67|32|65|29|9324.0|2042|1
5|69|31|69|28|9163.0|2044|1
5|69|31|69|29|9051.5|2046|1
5|69|31|69|30|8908.0|2048|1
5|70|30|70|29|8535.0|2050|1
5|74|30|75|29|7528.5|2052|1
5|75|28|76|27|8381.0|2054|1
5|76|26|77|24|8393.5|2056|1
5|76|24|76|22|9213.0|2058|1
5|76|22|76|20|9038.5|2060|1
5|80|20|81|18|7510.5|2062|1
5|81|20|82|18|8211.5|2064|1
5|81|21|82|20|9082.0|2066|1
5|81|18|81|17|9338.0|2068|1
5|82|15|82|13|8636.5|2070|1
5|83|14|83|12|8979.5|2072|1
5|85|12|86|10|7250.5|2074|1
5|86|12|87|10|7801.5|2076|1
5|85|12|85|11|8739.0|2078|1
5|83|10|82|9|7762.5|2080|1
5|85|9|84|7|6641.0|2082|1
5|85|7|85|5|5387.5|2084|1
5|91|6|93|4|3741.5|2086|1
5|88|5|89|3|27.5|2088|1
5|91|5|92|4|3229.5|2090|1
5|92|3|93|1|2175.5|2092|0
13|100|46|0|0|3174.5|2658|1
13|82|17|82|16|3598.0|2658|1
13|98|38|97|37|2779.0|2660|1
13|82|15|82|15|3424.5|2660|1
13|98|36|97|35|3138.0|2662|1
13|82|12|82|12|2950.0|2662|1
13|82|9|50|5|2423.0|2664|1
13|99|29|98|28|1900.0|2664|1
13|97|26|96|25|2673.5|2666|1
13|93|20|91|17|2836.0|2668|1
13|81|7|80|7|1483.0|2668|1
13|92|15|90|10|33.5|2670|1
13|81|5|81|5|1168.0|2670|1
13|88|10|85|5|3661.0|2672|1
13|90|7|88|2|2930.0|2674|1
13|88|4|87|0|1833.0|2676|0
10|104|91|0|0|1528.0|2640|1
10|105|88|64|54|2600.0|2642|1
10|106|86|111|89|3222.5|2644|1
10|106|80|118|87|2919.0|2646|1
10|105|75|112|77|2973.0|2648|1
10|104|71|106|69|3086.0|2650|1
10|99|63|98|58|4131.0|2652|1
10|99|60|97|55|4234.0|2654|1
10|101|50|100|43|3010.0|2656|1
10|82|17|82|14|3566.0|2656|1
10|82|17|75|1|3598.0|2658|1
10|98|38|98|38|2779.0|2660|1
10|82|15|81|14|3424.5|2660|1
10|98|36|98|36|3138.0|2662|1
10|82|12|81|11|2950.0|2662|1
10|82|9|75|-7|2423.0|2664|1
10|99|29|99|29|1900.0|2664|1
10|97|26|98|21|2673.5|2666|1
10|93|20|95|19|2836.0|2668|1
10|81|7|81|6|1483.0|2668|1
10|92|15|92|12|33.5|2670|1
10|81|5|80|4|1168.0|2670|1
10|88|10|86|6|3661.0|2672|1
10|90|7|89|3|2930.0|2674|1
10|88|4|87|0|1833.0|2676|0
9|75|57|0|0|3382.5|2622|1
9|75|57|46|35|3621.5|2624|1
9|77|53|80|55|3310.0|2626|1
9|77|49|86|53|3106.0|2628|1
9|80|43|86|42|3160.5|2634|1
9|79|45|82|44|3268.0|2636|1
9|80|44|81|43|3591.0|2638|1
9|80|43|80|42|3565.5|2640|1
9|80|43|79|42|3637.5|2642|1
9|81|40|81|39|3438.5|2644|1
9|81|37|81|34|3188.0|2646|1
9|81|33|81|30|3537.0|2648|1
9|81|29|81|25|3545.0|2650|1
9|81|26|81|22|3560.5|2652|1
9|82|21|82|17|3517.0|2654|1
9|82|17|82|12|3566.0|2656|1
9|82|17|82|15|3598.0|2658|1
9|98|38|98|38|2779.0|2660|1
9|82|15|81|14|3424.5|2660|1
9|98|36|98|36|3138.0|2662|1
9|82|12|81|11|2950.0|2662|1
9|82|9|82|5|2423.0|2664|1
9|99|29|100|29|1900.0|2664|1
9|97|26|101|28|2673.5|2666|1
9|93|20|97|22|2836.0|2668|1
9|81|7|81|6|1483.0|2668|1
9|92|15|93|13|33.5|2670|1
9|81|5|80|4|1168.0|2670|1
9|88|10|86|6|3661.0|2672|1
9|90|7|89|3|2930.0|2674|1
9|88|4|87|0|1833.0|2676|0
8|91|89|0|0|2346.5|2570|1
8|92|62|92|61|6995.5|2572|1
8|91|87|90|89|19.5|2572|1
8|89|86|54|52|28.5|2574|1
8|92|62|94|62|7341.0|2574|1
8|92|60|93|59|7159.5|2576|1
8|87|86|86|88|3623.5|2576|1
8|91|55|91|52|7032.0|2578|1
8|86|83|85|85|4127.0|2578|1
8|89|51|89|48|6694.5|2580|1
8|85|81|84|83|3964.0|2580|1
8|90|49|90|46|6647.0|2582|1
8|83|79|82|81|4382.5|2582|1
8|89|48|89|45|6666.0|2584|1
8|82|77|81|79|3649.0|2584|1
8|89|46|89|43|6243.0|2586|1
8|82|75|81|77|32.5|2586|1
8|87|42|87|39|6057.0|2588|1
8|81|71|80|73|3638.0|2588|1
8|85|39|85|36|6315.5|2590|1
8|80|68|79|70|3349.0|2590|1
8|85|38|85|35|6133.0|2592|1
8|80|66|79|68|3441.0|2592|1
8|84|37|84|34|6074.0|2594|1
8|79|65|78|67|3196.5|2594|1
8|83|37|83|34|6101.0|2596|1
8|79|64|78|66|3022.5|2596|1
8|83|35|83|32|6430.5|2598|1
8|79|61|78|63|3318.5|2598|1
8|81|34|81|31|6658.0|2600|1
8|77|60|76|62|3094.0|2600|1
8|81|32|81|29|6685.0|2602|1
8|74|57|73|59|2882.5|2602|1
8|81|30|81|27|6651.0|2604|1
8|77|56|76|58|42.0|2604|1
8|78|29|78|26|6627.0|2606|1
8|75|54|74|56|2825.0|2606|1
8|78|28|78|25|6946.0|2608|1
8|75|55|74|57|2939.0|2608|1
8|78|28|78|25|6929.5|2610|1
8|75|56|74|58|3005.5|2610|1
8|78|27|78|24|6864.0|2612|1
8|75|56|74|58|3244.0|2612|1
8|78|26|78|23|7079.0|2614|1
8|74|56|73|58|3043.0|2614|1
8|79|27|79|24|6960.5|2616|1
8|75|56|74|58|3225.0|2616|1
8|78|24|78|21|6973.5|2618|1
8|74|56|73|58|3239.0|2618|1
8|79|25|79|22|7151.0|2620|1
8|73|57|72|59|3396.0|2620|1
8|79|22|79|19|6720.5|2622|1
8|78|18|77|15|6054.0|2624|1
8|78|14|77|10|6234.5|2626|1
8|78|11|77|7|5376.5|2628|1
8|78|11|77|8|5709.0|2630|1
8|78|11|77|9|5934.5|2632|1
8|77|9|76|7|5309.0|2634|1
8|79|10|79|9|5171.0|2636|1
8|76|8|75|7|4043.0|2638|1
8|80|43|80|42|3565.5|2640|1
8|80|43|80|53|3637.5|2642|1
8|81|40|82|51|3438.5|2644|1
8|81|37|81|41|3188.0|2646|1
8|81|33|81|32|3537.0|2648|1
8|81|29|81|26|3545.0|2650|1
8|81|26|81|22|3560.5|2652|1
8|82|21|82|17|3517.0|2654|1
8|82|17|82|12|3566.0|2656|1
8|82|17|82|14|3598.0|2658|1
8|98|38|99|39|2779.0|2660|1
8|82|15|80|13|3424.5|2660|1
8|98|36|99|37|3138.0|2662|1
8|82|12|80|10|2950.0|2662|1
8|82|9|82|5|2423.0|2664|1
8|99|29|102|30|1900.0|2664|1
8|97|26|101|28|2673.5|2666|1
8|93|20|97|22|2836.0|2668|1
8|81|7|82|6|1483.0|2668|1
8|92|15|93|13|33.5|2670|1
8|81|5|80|4|1168.0|2670|1
8|88|10|86|6|3661.0|2672|1
8|90|7|89|3|2930.0|2674|1
8|88|4|87|0|1833.0|2676|0
7|91|91|56|56|1577.0|2568|1
7|94|64|105|66|7310.5|2570|1
7|92|62|94|61|6995.5|2572|1
7|91|87|90|91|19.5|2572|1
7|89|86|88|85|28.5|2574|1
7|92|62|98|63|7341.0|2574|1
7|92|60|92|50|7159.5|2576|1
7|87|86|86|90|3623.5|2576|1
7|91|55|91|49|7032.0|2578|1
7|86|83|85|88|4127.0|2578|1
7|89|51|89|44|6694.5|2580|1
7|85|81|84|86|3964.0|2580|1
7|90|49|90|42|6647.0|2582|1
7|83|79|81|84|4382.5|2582|1
7|89|48|90|42|6666.0|2584|1
7|82|77|80|82|3649.0|2584|1
7|89|46|90|40|6243.0|2586|1
7|82|75|80|80|32.5|2586|1
7|87|42|87|35|6057.0|2588|1
7|81|71|79|76|3638.0|2588|1
7|85|39|85|32|6315.5|2590|1
7|80|68|79|73|3349.0|2590|1
7|85|38|85|32|6133.0|2592|1
7|80|66|79|71|3441.0|2592|1
7|84|37|84|31|6074.0|2594|1
7|79|65|78|70|3196.5|2594|1
7|83|37|83|31|6101.0|2596|1
7|79|64|78|69|3022.5|2596|1
7|83|35|83|29|6430.5|2598|1
7|79|61|78|66|3318.5|2598|1
7|81|34|81|28|6658.0|2600|1
7|77|60|76|65|3094.0|2600|1
7|81|32|81|26|6685.0|2602|1
7|74|57|72|61|2882.5|2602|1
7|81|30|82|24|6651.0|2604|1
7|77|56|76|61|42.0|2604|1
7|78|29|78|23|6627.0|2606|1
7|75|54|74|58|2825.0|2606|1
7|78|28|78|22|6946.0|2608|1
7|75|55|74|60|2939.0|2608|1
7|78|28|78|22|6929.5|2610|1
7|75|56|74|61|3005.5|2610|1
7|78|27|78|21|6864.0|2612|1
7|75|56|74|61|3244.0|2612|1
7|78|26|78|20|7079.0|2614|1
7|74|56|73|61|3043.0|2614|1
7|79|27|79|21|6960.5|2616|1
7|75|56|74|61|3225.0|2616|1
7|78|24|78|17|6973.5|2618|1
7|74|56|73|62|3239.0|2618|1
7|79|25|79|19|7151.0|2620|1
7|73|57|71|63|3396.0|2620|1
7|79|22|80|15|6720.5|2622|1
7|78|18|73|0|6054.0|2624|1
7|78|14|76|8|6234.5|2626|1
7|78|11|77|9|5376.5|2628|1
7|78|11|78|10|5709.0|2630|1
7|78|11|78|10|5934.5|2632|1
7|77|9|76|8|5309.0|2634|1
7|79|10|79|10|5171.0|2636|1
7|76|8|75|7|4043.0|2638|1
7|80|43|80|42|3565.5|2640|1
7|80|43|81|55|3637.5|2642|1
7|81|40|81|41|3438.5|2644|1
7|81|37|81|35|3188.0|2646|1
7|81|33|81|31|3537.0|2648|1
7|81|29|80|27|3545.0|2650|1
7|81|26|80|24|3560.5|2652|1
7|82|21|82|18|3517.0|2654|1
7|82|17|82|15|3566.0|2656|1
7|82|17|82|16|3598.0|2658|1
7|98|38|101|42|2779.0|2660|1
7|82|15|78|10|3424.5|2660|1
7|98|36|101|40|3138.0|2662|1
7|82|12|78|7|2950.0|2662|1
7|82|9|81|6|2423.0|2664|1
7|99|29|107|33|1900.0|2664|1
7|97|26|102|31|2673.5|2666|1
7|93|20|92|19|2836.0|2668|1
7|81|7|85|6|1483.0|2668|1
7|92|15|91|12|33.5|2670|1
7|81|5|79|3|1168.0|2670|1
7|88|10|86|7|3661.0|2672|1
7|90|7|90|5|2930.0|2674|1
7|88|4|87|2|1833.0|2676|0
7|92|92|0|0|886.5|2566|1
7|93|68|92|65|7546.0|2568|1
7|94|64|98|64|7310.5|2570|1
7|92|62|98|62|6995.5|2572|1
7|91|87|90|95|19.5|2572|1
7|89|86|88|86|28.5|2574|1
7|92|62|102|64|7341.0|2574|1
7|92|60|92|51|7159.5|2576|1
7|87|86|85|94|3623.5|2576|1
7|91|55|92|44|7032.0|2578|1
7|86|83|84|92|4127.0|2578|1
7|89|51|90|39|6694.5|2580|1
7|85|81|83|91|3964.0|2580|1
7|90|49|91|37|6647.0|2582|1
7|83|79|80|89|4382.5|2582|1
7|89|48|91|37|6666.0|2584|1
7|82|77|79|87|3649.0|2584|1
7|89|46|91|35|6243.0|2586|1
7|82|75|79|85|32.5|2586|1
7|87|42|88|30|6057.0|2588|1
7|81|71|78|81|3638.0|2588|1
7|85|39|86|27|6315.5|2590|1
7|80|68|78|78|3349.0|2590|1
7|85|38|86|27|6133.0|2592|1
7|80|66|78|75|3441.0|2592|1
7|84|37|85|26|6074.0|2594|1
7|79|65|77|74|3196.5|2594|1
7|83|37|84|27|6101.0|2596|1
7|79|64|77|73|3022.5|2596|1
7|83|35|84|24|6430.5|2598|1
7|79|61|77|70|3318.5|2598|1
7|81|34|81|24|6658.0|2600|1
7|77|60|75|69|3094.0|2600|1
7|81|32|82|22|6685.0|2602|1
7|74|57|71|65|2882.5|2602|1
7|81|30|83|20|6651.0|2604|1
7|77|56|75|65|42.0|2604|1
7|78|29|78|19|6627.0|2606|1
7|75|54|73|62|2825.0|2606|1
7|78|28|79|18|6946.0|2608|1
7|75|55|73|64|2939.0|2608|1
7|78|28|79|18|6929.5|2610|1
7|75|56|73|65|3005.5|2610|1
7|78|27|79|16|6864.0|2612|1
7|75|56|73|66|3244.0|2612|1
7|78|26|79|15|7079.0|2614|1
7|74|56|72|66|3043.0|2614|1
7|79|27|80|16|6960.5|2616|1
7|75|56|73|66|3225.0|2616|1
7|78|24|79|12|6973.5|2618|1
7|74|56|72|67|3239.0|2618|1
7|79|25|80|14|7151.0|2620|1
7|73|57|70|68|3396.0|2620|1
7|79|22|81|9|6720.5|2622|1
7|78|18|73|0|6054.0|2624|1
7|78|14|75|3|6234.5|2626|1
7|78|11|77|8|5376.5|2628|1
7|78|11|77|10|5709.0|2630|1
7|78|11|78|10|5934.5|2632|1
7|77|9|76|8|5309.0|2634|1
7|79|10|79|9|5171.0|2636|1
7|76|8|75|7|4043.0|2638|1
7|80|43|80|42|3565.5|2640|1
7|80|43|80|54|3637.5|2642|1
7|81|40|82|45|3438.5|2644|1
7|81|37|81|36|3188.0|2646|1
7|81|33|81|31|3537.0|2648|1
7|81|29|81|26|3545.0|2650|1
7|81|26|80|24|3560.5|2652|1
7|82|21|82|18|3517.0|2654|1
7|82|17|82|14|3566.0|2656|1
7|82|17|82|16|3598.0|2658|1
7|98|38|103|45|2779.0|2660|1
7|82|15|76|6|3424.5|2660|1
7|98|36|103|43|3138.0|2662|1
7|82|12|76|3|2950.0|2662|1
7|82|9|82|6|2423.0|2664|1
7|99|29|113|35|1900.0|2664|1
7|97|26|101|30|2673.5|2666|1
7|93|20|94|21|2836.0|2668|1
7|81|7|88|5|1483.0|2668|1
7|92|15|91|12|33.5|2670|1
7|81|5|79|2|1168.0|2670|1
7|88|10|86|7|3661.0|2672|1
7|90|7|89|4|2930.0|2674|1
7|88|4|87|2|1833.0|2676|0
6|98|92|0|0|1164.0|2530|1
6|97|91|59|56|1535.5|2532|1
6|96|91|100|95|1902.0|2534|1
6|94|90|104|100|2376.5|2536|1
6|94|90|99|95|2731.0|2538|1
6|94|90|96|92|2864.5|2540|1
6|92|89|92|89|3176.5|2542|1
6|91|89|90|88|3334.0|2544|1
6|91|88|90|87|3685.0|2546|1
6|91|89|90|88|3940.5|2548|1
6|92|88|92|87|4400.5|2550|1
6|94|86|94|85|5040.5|2552|1
6|94|84|94|82|5914.0|2554|1
6|94|83|94|81|6714.0|2556|1
6|93|81|92|79|7355.5|2558|1
6|93|79|92|77|8131.0|2560|1
6|93|78|92|76|8409.5|2562|1
6|93|74|92|71|7627.0|2564|1
6|93|71|92|68|7413.5|2566|1
6|93|68|92|65|7546.0|2568|1
6|94|64|94|61|7310.5|2570|1
6|92|62|91|59|6995.5|2572|1
6|91|87|90|95|19.5|2572|1
6|89|86|87|92|28.5|2574|1
6|92|62|96|63|7341.0|2574|1
6|92|60|91|59|7159.5|2576|1
6|87|86|85|93|3623.5|2576|1
6|91|55|92|45|7032.0|2578|1
6|86|83|84|91|4127.0|2578|1
6|89|51|89|41|6694.5|2580|1
6|85|81|83|89|3964.0|2580|1
6|90|49|91|39|6647.0|2582|1
6|83|79|80|87|4382.5|2582|1
6|89|48|90|38|6666.0|2584|1
6|82|77|79|85|3649.0|2584|1
6|89|46|91|36|6243.0|2586|1
6|82|75|79|83|32.5|2586|1
6|87|42|88|31|6057.0|2588|1
6|81|71|79|79|3638.0|2588|1
6|85|39|86|29|6315.5|2590|1
6|80|68|78|76|3349.0|2590|1
6|85|38|86|28|6133.0|2592|1
6|80|66|78|74|3441.0|2592|1
6|84|37|85|28|6074.0|2594|1
6|79|65|77|73|3196.5|2594|1
6|83|37|84|28|6101.0|2596|1
6|79|64|77|72|3022.5|2596|1
6|83|35|84|26|6430.5|2598|1
6|79|61|77|68|3318.5|2598|1
6|81|34|81|25|6658.0|2600|1
6|77|60|75|67|3094.0|2600|1
6|81|32|82|23|6685.0|2602|1
6|74|57|71|64|2882.5|2602|1
6|81|30|83|21|6651.0|2604|1
6|77|56|75|63|42.0|2604|1
6|78|29|78|20|6627.0|2606|1
6|75|54|74|61|2825.0|2606|1
6|78|28|78|20|6946.0|2608|1
6|75|55|74|63|2939.0|2608|1
6|78|28|78|19|6929.5|2610|1
6|75|56|74|64|3005.5|2610|1
6|78|27|78|18|6864.0|2612|1
6|75|56|74|64|3244.0|2612|1
6|78|26|78|16|7079.0|2614|1
6|74|56|72|65|3043.0|2614|1
6|79|27|80|18|6960.5|2616|1
6|75|56|73|64|3225.0|2616|1
6|78|24|78|14|6973.5|2618|1
6|74|56|72|65|3239.0|2618|1
6|79|25|80|15|7151.0|2620|1
6|73|57|71|66|3396.0|2620|1
6|79|22|80|11|6720.5|2622|1
6|78|18|73|0|6054.0|2624|1
6|78|14|73|-5|6234.5|2626|1
6|78|11|75|-1|5376.5|2628|1
6|78|11|76|5|5709.0|2630|1
6|78|11|77|8|5934.5|2632|1
6|77|9|76|7|5309.0|2634|1
6|79|10|79|9|5171.0|2636|1
6|76|8|75|7|4043.0|2638|1
6|80|43|80|42|3565.5|2640|1
6|80|43|80|53|3637.5|2642|1
6|81|40|82|51|3438.5|2644|1
6|81|37|81|41|3188.0|2646|1
6|81|33|81|32|3537.0|2648|1
6|81|29|81|26|3545.0|2650|1
6|81|26|81|22|3560.5|2652|1
6|82|21|82|17|3517.0|2654|1
6|82|17|82|12|3566.0|2656|1
6|82|17|82|14|3598.0|2658|1
6|98|38|103|44|2779.0|2660|1
6|82|15|76|7|3424.5|2660|1
6|98|36|103|42|3138.0|2662|1
6|82|12|76|4|2950.0|2662|1
6|82|9|82|5|2423.0|2664|1
6|99|29|105|31|1900.0|2664|1
6|97|26|101|28|2673.5|2666|1
6|93|20|97|22|2836.0|2668|1
6|81|7|83|6|1483.0|2668|1
6|92|15|93|13|33.5|2670|1
6|81|5|81|4|1168.0|2670|1
6|88|10|86|6|3661.0|2672|1
6|90|7|89|3|2930.0|2674|1
6|88|4|87|0|1833.0|2676|0
18|92|92|0|0|1481.5|4388|1
18|91|91|56|56|2029.0|4390|1
18|89|88|93|91|2808.0|4392|1
18|83|86|90|94|3423.0|4394|1
18|87|82|92|85|3225.5|4396|1
18|86|78|88|77|3074.5|4398|1
18|87|76|88|73|3479.5|4400|1
18|87|70|87|66|3195.5|4402|1
18|86|68|85|64|3144.0|4404|1
18|88|62|88|57|3121.5|4406|1
18|87|59|87|54|3011.0|4408|1
18|85|48|84|41|2815.5|4414|1
18|86|43|85|36|2677.0|4416|1
18|88|40|88|36|2690.5|4418|1
18|90|36|91|33|2835.0|4420|1
18|91|33|92|30|2801.5|4422|1
18|89|31|89|28|2787.0|4424|1
18|89|28|88|25|2914.5|4426|1
18|87|25|86|22|2813.0|4428|1
18|86|19|84|15|2857.0|4430|1
18|88|8|87|1|2244.0|4436|0
17|96|92|0|0|1097.0|4326|1
17|98|91|60|56|1634.5|4328|1
17|98|90|102|94|1795.5|4330|1
17|98|89|109|98|1940.0|4332|1
17|98|88|104|93|2089.0|4334|1
17|99|87|102|88|2349.0|4336|1
17|98|85|99|84|2638.5|4338|1
17|98|83|98|81|2621.0|4340|1
17|96|78|95|75|2607.5|4342|1
17|95|77|93|74|2700.0|4344|1
17|96|74|95|71|2741.5|4346|1
17|97|72|97|69|2613.0|4348|1
17|95|69|94|66|2724.0|4350|1
17|95|66|94|63|2636.0|4352|1
17|95|64|94|61|2721.0|4354|1
17|94|60|93|57|2806.0|4356|1
17|94|58|93|55|2752.0|4358|1
17|93|55|92|52|2643.0|4360|1
17|93|53|92|50|2719.0|4362|1
17|93|50|92|47|2773.0|4364|1
17|93|47|92|44|2546.0|4366|1
17|94|45|94|42|2581.0|4368|1
17|95|43|95|40|2588.5|4370|1
17|95|41|95|38|2559.0|4372|1
17|96|38|96|35|2602.0|4374|1
17|97|35|97|32|2572.0|4376|1
17|96|33|96|30|2672.0|4378|1
17|96|30|95|27|2667.5|4380|1
17|97|28|97|25|2623.5|4382|1
17|97|28|97|26|2727.0|4384|1
17|100|24|101|21|2574.0|4386|1
17|99|23|99|20|2509.0|4388|1
17|100|22|100|20|2553.0|4390|1
17|101|20|101|18|2472.5|4392|1
17|101|18|101|16|2494.0|4394|1
17|101|16|101|14|2515.5|4396|1
17|102|13|102|10|2531.0|4398|1
17|102|12|102|9|2741.0|4400|1
17|103|9|103|6|2306.0|4402|1
17|104|9|104|7|2530.0|4404|1
17|104|8|104|6|2270.5|4406|1
17|105|7|105|6|1794.5|4408|1
17|103|5|102|3|1072.5|4410|1
17|102|4|101|2|654.0|4412|1
17|103|3|102|1|498.5|4414|1
17|88|40|88|34|2690.5|4418|1
17|90|36|85|46|2835.0|4420|1
17|91|33|86|43|2801.5|4422|1
17|89|31|86|35|2787.0|4424|1
17|89|28|87|28|2914.5|4426|1
17|87|25|85|23|2813.0|4428|1
17|86|19|84|15|2857.0|4430|1
17|88|8|87|1|2244.0|4436|0
20|117|92|0|0|1044.0|4634|1
20|119|92|73|56|1371.0|4636|1
20|118|89|123|93|2083.5|4638|1
20|118|88|131|97|2466.0|4640|1
20|119|86|127|90|2646.0|4642|1
20|120|83|121|81|2866.5|4644|1
20|120|80|124|85|2902.5|4646|1
20|120|76|122|77|2849.5|4648|1
20|121|73|122|72|3019.0|4650|1
20|121|69|121|66|2918.0|4652|1
20|121|68|121|65|2824.0|4654|1
20|121|64|121|61|2785.5|4656|1
20|121|61|121|57|2544.5|4658|1
20|122|59|122|56|2625.5|4660|1
20|120|57|119|54|2529.5|4662|1
20|119|56|118|54|2719.0|4664|1
20|118|52|117|49|2590.5|4666|1
20|118|49|116|45|2688.0|4668|1
20|117|50|121|56|2648.0|4670|1
20|116|48|118|51|2582.0|4672|1
20|116|46|117|46|2704.5|4674|1
20|115|43|115|41|2228.5|4676|1
20|115|42|114|40|2229.5|4678|1
20|116|38|116|35|2426.0|4680|1
20|119|34|120|30|2753.5|4682|1
20|119|31|120|27|2576.0|4684|1
20|120|25|120|20|2348.0|4686|1
20|119|24|119|20|2489.0|4688|1
20|120|20|120|16|2737.5|4690|1
20|119|17|118|13|2597.0|4692|1
20|119|13|118|9|2568.5|4694|1
20|120|10|120|6|2583.5|4696|1
20|121|8|121|5|2396.5|4698|1
20|121|7|121|4|2200.5|4700|1
20|121|4|121|1|1233.5|4702|1
20|122|2|122|0|613.0|4704|1
20|121|3|121|1|738.0|4706|0
19|96|91|0|0|1358.5|4614|1
19|95|90|58|55|1194.5|4616|1
19|95|85|99|88|1008.5|4618|1
19|96|82|107|89|858.0|4620|1
19|97|74|104|75|1100.0|4622|1
19|98|74|101|72|1013.0|4624|1
19|99|69|101|66|920.5|4626|1
19|99|67|99|64|980.5|4628|1
19|100|64|100|61|860.5|4630|1
19|101|60|101|56|1069.0|4632|1
19|100|55|100|51|1045.5|4634|1
19|98|52|97|48|1247.0|4636|1
19|98|50|97|46|1087.5|4638|1
19|98|42|95|29|1168.0|4642|1
19|121|64|74|39|2785.5|4656|1
19|121|61|128|62|2544.5|4658|1
19|122|59|130|61|2625.5|4660|1
19|120|57|124|57|2529.5|4662|1
19|119|56|120|55|2719.0|4664|1
19|118|52|117|50|2590.5|4666|1
19|118|49|117|46|2688.0|4668|1
19|117|50|116|48|2648.0|4670|1
19|116|48|115|46|2582.0|4672|1
19|116|46|115|44|2704.5|4674|1
19|115|43|114|40|2228.5|4676|1
19|115|42|114|40|2229.5|4678|1
19|116|38|116|35|2426.0|4680|1
19|119|34|120|30|2753.5|4682|1
19|119|31|120|27|2576.0|4684|1
19|120|25|120|20|2348.0|4686|1
19|119|24|119|20|2489.0|4688|1
19|120|20|120|16|2737.5|4690|1
19|119|17|118|13|2597.0|4692|1
19|119|13|118|9|2568.5|4694|1
19|120|10|120|6|2583.5|4696|1
19|121|8|121|5|2396.5|4698|1
19|121|7|121|4|2200.5|4700|1
19|121|4|121|1|1233.5|4702|1
19|122|2|122|0|613.0|4704|1
19|121|3|121|1|738.0|4706|0
