["config": {"fecha":{self.fecha}, "hora":{self.hora}, "FPS":{self.fps},"FPSDist":{self.fpsdist}, "FPSAp":{self.fpsapa}, "Confianza":{self.conf}, "CantidadApariciones": {self.cantapa}, "DeltaTiempo": {self.tiempo}},"data":]2|127|98|0|0|1130.5|1352|1
2|128|97|78|59|1207.0|1354|1
2|129|97|135|101|1220.0|1356|1
2|126|95|139|105|2179.5|1358|1
2|124|93|131|98|2774.0|1360|1
2|119|92|120|93|2421.0|1362|1
2|117|91|115|90|3224.5|1364|1
2|117|90|115|89|3733.0|1366|1
2|117|89|116|88|4776.0|1368|1
2|114|86|112|84|6577.0|1370|1
2|114|84|112|81|7837.0|1372|1
2|112|83|110|81|7308.0|1374|1
2|111|82|109|80|8147.0|1376|1
2|110|81|108|79|7753.5|1378|1
2|111|79|110|77|8674.0|1380|1
2|110|77|109|75|9578.5|1382|1
2|105|74|103|71|7859.5|1384|1
2|104|67|101|63|6917.0|1386|1
2|106|65|105|61|8369.0|1388|1
2|106|64|106|61|9029.5|1390|1
2|106|59|106|55|9866.0|1392|1
2|102|53|100|48|8923.5|1394|1
2|99|42|96|35|6555.0|1396|1
2|101|38|99|31|6841.0|1398|1
2|102|40|102|36|7926.5|1400|1
2|102|37|102|34|8655.0|1402|1
2|104|30|104|26|8842.0|1404|1
2|103|28|103|24|9411.0|1406|1
2|102|25|101|21|8724.5|1408|1
2|105|21|105|17|8660.5|1410|1
2|108|21|109|18|8745.5|1412|1
2|105|22|105|21|9451.0|1414|1
2|101|20|99|19|8763.5|1416|1
2|98|15|95|12|5200.5|1418|1
2|99|10|97|6|3394.5|1420|1
2|106|8|107|4|3091.5|1422|1
2|104|7|105|4|3146.5|1424|1
2|101|6|100|4|2323.5|1426|1
2|99|3|97|1|735.5|1428|1
2|104|2|104|0|802.0|1432|1
2|104|2|105|0|615.0|1434|1
2|102|2|102|1|476.0|1436|0
3|116|100|0|0|1419.5|1470|1
3|117|100|72|61|1264.5|1472|1
3|117|99|122|103|1709.0|1474|1
3|117|98|130|108|2267.0|1476|1
3|119|100|127|107|1403.0|1478|1
3|123|99|128|102|1827.0|1480|1
3|123|98|126|98|3538.5|1482|1
3|119|97|119|96|3096.0|1484|1
3|119|97|118|96|3535.0|1486|1
3|119|96|118|95|3787.5|1488|1
3|118|94|117|92|4448.5|1490|1
3|117|94|116|93|5058.5|1492|1
3|119|92|119|90|6508.0|1494|1
3|121|91|122|89|7137.0|1496|1
3|121|91|121|90|7216.0|1498|1
3|122|89|122|87|7619.0|1500|1
3|124|86|125|84|8013.5|1502|1
3|123|85|123|83|8189.5|1504|1
3|124|82|124|79|8284.0|1506|1
3|127|78|128|75|8521.0|1508|1
3|129|76|130|73|8439.5|1510|1
3|129|74|130|71|8076.5|1512|1
3|130|71|130|68|8352.0|1514|1
3|129|69|129|66|8345.5|1516|1
3|130|66|130|63|7943.5|1518|1
3|133|63|134|60|8514.5|1520|1
3|132|64|132|62|8486.0|1522|1
3|131|64|130|63|8306.0|1524|1
3|130|64|129|63|8436.5|1526|1
3|130|64|129|63|8418.0|1528|1
3|130|64|129|64|8421.0|1530|1
3|130|64|129|64|8528.0|1532|1
3|130|64|129|64|8480.0|1534|1
3|130|65|129|65|8515.5|1536|1
3|130|65|129|65|8522.5|1538|1
3|130|66|130|66|8317.0|1540|1
3|130|65|130|65|8069.5|1542|1
3|129|64|128|63|7728.5|1544|1
3|129|62|128|60|7658.5|1546|1
3|131|61|131|59|7510.0|1548|1
3|131|61|131|60|7348.5|1550|1
3|132|60|132|59|7302.5|1552|1
3|131|58|131|56|6909.5|1554|1
3|133|57|133|55|6646.0|1556|1
3|132|55|132|53|6156.5|1558|1
3|132|54|131|52|5847.0|1560|1
3|132|54|131|53|5461.0|1562|1
3|131|53|130|52|5067.5|1564|1
3|130|52|129|51|4625.0|1566|1
3|131|51|130|50|4713.5|1568|1
3|131|47|131|45|3631.5|1568|1
3|132|49|132|47|4451.5|1570|1
3|130|44|129|42|5553.0|1590|1
3|130|45|129|43|6703.0|1592|1
3|130|46|129|45|7250.5|1594|1
3|128|45|127|44|7912.0|1596|1
3|130|46|129|46|7854.5|1598|1
3|127|43|126|42|7924.5|1600|1
3|126|37|124|34|8208.0|1602|1
3|126|37|125|34|8444.5|1604|1
3|124|35|122|32|7806.0|1606|1
3|124|33|123|31|7488.5|1608|1
3|121|30|119|27|7468.0|1610|1
3|120|25|118|21|7471.0|1612|1
3|118|24|116|21|7483.0|1614|1
3|118|23|116|21|7333.0|1616|1
3|117|21|116|19|6961.0|1618|1
3|117|19|116|17|7213.5|1620|1
3|116|17|115|15|6272.5|1622|1
3|117|13|116|10|5627.5|1624|1
3|117|12|117|9|5201.0|1626|1
3|117|12|117|10|4682.5|1628|1
3|119|12|119|11|4831.0|1630|1
3|119|12|119|11|4294.0|1632|1
3|118|10|118|9|3533.0|1634|1
3|114|7|112|5|2215.0|1636|1
3|114|7|112|5|2014.5|1638|1
3|114|6|113|4|1759.0|1640|1
3|114|4|113|2|1240.0|1642|1
3|112|4|111|2|1146.0|1644|1
3|113|2|112|0|552.0|1646|0
4|74|99|0|0|2812.0|1948|1
4|72|97|44|59|4991.5|1950|1
4|73|96|76|100|5694.5|1952|1
4|74|96|82|106|5812.0|1954|1
4|72|95|76|101|6772.0|1956|1
4|72|94|73|96|7674.5|1958|1
4|71|92|71|91|9350.0|1960|1
4|74|90|74|88|9140.0|1962|1
4|72|90|72|88|9869.5|1964|1
4|74|89|74|88|9265.5|1966|1
4|73|87|73|85|10163.0|1968|1
4|72|84|71|82|9715.5|1970|1
4|74|82|74|79|9104.5|1972|1
4|75|79|75|76|8628.5|1974|1
4|72|77|71|74|9604.0|1976|1
4|73|76|72|74|9964.5|1978|1
4|71|73|70|70|9871.0|1980|1
4|71|71|70|68|9666.5|1982|1
4|72|67|71|64|9380.5|1984|1
4|72|60|72|55|8895.0|1986|1
4|70|60|69|56|9563.5|1988|1
4|71|62|70|60|9989.5|1990|1
4|69|59|68|58|9591.5|1992|1
4|71|59|70|58|10159.0|1994|1
4|73|55|74|53|9907.5|1996|1
4|74|50|75|46|8445.0|1998|1
4|74|48|74|44|8633.0|2000|1
4|73|46|73|43|8704.5|2002|1
4|70|42|68|39|7994.5|2004|1
4|64|37|60|33|5986.5|2006|1
4|65|37|62|34|6714.0|2008|1
4|67|39|66|38|8065.0|2010|1
4|67|37|67|36|7871.5|2012|1
4|66|37|65|36|8116.5|2014|1
4|66|38|65|38|8729.0|2016|1
4|65|37|64|36|8553.5|2018|1
4|62|36|60|35|8457.5|2020|1
4|63|36|62|35|8361.0|2022|1
4|63|34|62|33|8633.0|2024|1
4|65|35|65|34|9302.5|2026|1
4|67|35|68|34|9722.0|2028|1
4|68|35|69|35|10029.0|2030|1
4|69|35|70|35|9630.0|2032|1
4|70|37|71|37|9483.5|2034|1
4|69|40|69|41|9307.0|2036|1
4|69|37|68|37|9459.5|2038|1
4|66|34|64|32|9557.0|2040|1
4|66|31|64|28|9403.0|2042|1
4|67|30|66|27|9031.5|2044|1
4|68|30|68|28|9077.5|2046|1
4|69|30|69|29|8976.5|2048|1
4|69|29|69|28|8526.5|2050|1
4|73|29|74|28|7795.5|2052|1
4|74|27|75|26|8392.5|2054|1
4|75|25|76|23|8341.5|2056|1
4|75|23|75|21|9232.5|2058|1
4|75|21|75|19|9090.0|2060|1
4|79|19|80|17|7584.0|2062|1
4|80|19|81|17|8258.0|2064|1
4|79|20|79|19|9240.0|2066|1
4|81|17|81|16|9204.0|2068|1
4|80|15|80|13|8564.0|2070|1
4|82|14|82|12|9039.0|2072|1
4|84|12|85|10|7028.5|2074|1
4|85|11|86|9|7744.0|2076|1
4|84|11|84|10|8514.5|2078|1
4|83|9|82|7|7446.5|2080|1
4|84|9|83|8|6551.5|2082|1
4|84|6|84|4|5132.0|2084|1
4|90|5|92|3|3444.5|2086|1
4|88|5|89|4|3560.5|2088|1
4|91|5|92|4|2925.0|2090|1
4|92|3|93|2|1846.5|2092|0
10|102|98|0|0|1363.0|2636|1
10|102|97|62|59|1685.0|2638|1
10|103|94|108|98|2913.5|2640|1
10|104|87|116|95|2595.0|2642|1
10|105|85|112|88|3064.0|2644|1
10|105|79|108|77|2937.0|2646|1
10|104|74|105|70|2910.0|2648|1
10|103|70|102|65|3059.5|2650|1
10|98|62|95|56|4123.5|2652|1
10|98|59|95|53|4219.0|2654|1
10|100|49|99|42|3021.0|2656|1
10|99|46|98|40|3185.0|2658|1
10|82|16|82|14|3540.0|2658|1
10|81|15|74|1|3366.5|2660|1
10|97|37|96|36|2844.0|2660|1
10|97|35|95|28|3094.5|2662|1
10|99|29|101|27|1650.5|2664|1
10|96|25|97|22|2608.0|2666|1
10|81|8|80|8|2048.5|2666|1
10|92|18|90|13|2766.5|2668|1
10|79|7|78|6|1350.5|2668|1
10|91|14|90|13|3159.5|2670|1
10|80|5|80|5|1070.5|2670|1
10|87|10|83|3|3481.5|2672|1
10|89|7|87|1|2948.5|2674|1
10|87|4|85|0|1633.5|2676|0
9|74|56|0|0|3385.0|2622|1
9|73|56|44|34|3527.5|2624|1
9|76|48|79|49|3203.0|2628|1
9|79|42|89|44|3236.0|2634|1
9|79|43|85|43|3285.0|2636|1
9|79|43|82|43|3537.5|2638|1
9|79|42|80|41|3578.5|2640|1
9|79|42|79|41|3728.0|2642|1
9|80|39|80|37|3408.0|2644|1
9|80|37|80|35|3116.5|2646|1
9|81|32|81|29|3574.5|2648|1
9|80|28|80|24|3533.5|2650|1
9|81|25|81|21|3571.5|2652|1
9|81|20|81|16|3434.5|2654|1
9|81|17|81|13|3424.0|2656|1
9|82|16|82|13|3540.0|2658|1
9|81|15|80|14|3366.5|2660|1
9|97|37|97|37|2844.0|2660|1
9|97|35|102|41|3094.5|2662|1
9|99|29|105|33|1650.5|2664|1
9|96|25|98|25|2608.0|2666|1
9|81|8|80|7|2048.5|2666|1
9|92|18|91|14|2766.5|2668|1
9|79|7|78|6|1350.5|2668|1
9|91|14|91|14|3159.5|2670|1
9|80|5|79|4|1070.5|2670|1
9|87|10|83|4|3481.5|2672|1
9|89|7|87|1|2948.5|2674|1
9|87|4|85|0|1633.5|2676|0
8|89|93|0|0|91.0|2568|1
8|93|64|94|63|7219.0|2570|1
8|90|91|89|91|69.0|2570|1
8|91|62|91|61|7230.0|2572|1
8|90|90|89|90|19.5|2572|1
8|89|89|54|54|4415.5|2574|1
8|91|60|91|60|7290.0|2574|1
8|91|58|91|57|7147.0|2576|1
8|87|88|86|88|4461.5|2576|1
8|85|84|84|82|4524.5|2578|1
8|90|54|90|53|6857.5|2578|1
8|88|50|87|48|6773.0|2580|1
8|83|81|82|81|4019.0|2580|1
8|89|49|89|48|6607.5|2582|1
8|82|78|81|78|4381.0|2582|1
8|88|47|88|46|6608.0|2584|1
8|81|76|80|76|3643.5|2584|1
8|88|59|90|53|9894.5|2584|1
8|81|74|81|72|3655.5|2586|1
8|88|46|88|45|6524.0|2586|1
8|85|41|84|39|6038.5|2588|1
8|80|70|79|70|3502.5|2588|1
8|84|38|84|37|6259.0|2590|1
8|79|67|78|67|3371.0|2590|1
8|84|37|84|36|6185.5|2592|1
8|79|65|78|65|3420.5|2592|1
8|83|36|83|35|6011.0|2594|1
8|79|64|78|64|3315.0|2594|1
8|82|36|82|35|6104.5|2596|1
8|78|63|77|63|3171.0|2596|1
8|81|34|81|33|6411.0|2598|1
8|78|60|77|60|3319.5|2598|1
8|81|34|81|33|6709.0|2600|1
8|76|59|75|59|69.5|2600|1
8|80|31|80|30|6742.5|2602|1
8|74|57|73|57|2877.5|2602|1
8|80|29|80|28|6727.0|2604|1
8|75|55|74|55|49.0|2604|1
8|77|28|77|27|6574.0|2606|1
8|74|53|73|53|2828.5|2606|1
8|77|26|77|25|6918.5|2608|1
8|74|54|73|54|2873.0|2608|1
8|77|27|77|26|6934.0|2610|1
8|73|54|72|54|3083.5|2610|1
8|77|26|77|25|6844.0|2612|1
8|73|55|72|55|3350.0|2612|1
8|77|25|77|24|7091.5|2614|1
8|73|55|72|55|3081.0|2614|1
8|78|26|78|25|6903.5|2616|1
8|74|55|73|55|3275.5|2616|1
8|77|23|77|22|7018.0|2618|1
8|73|55|72|55|3185.5|2618|1
8|78|24|78|23|7234.0|2620|1
8|73|56|72|56|3203.0|2620|1
8|78|21|78|20|6740.0|2622|1
8|77|17|76|15|6047.5|2624|1
8|77|14|76|11|6154.5|2626|1
8|77|11|76|8|5293.5|2628|1
8|77|11|76|9|5620.0|2630|1
8|77|11|76|10|5819.5|2632|1
8|76|9|75|7|5152.0|2634|1
8|78|10|78|9|5019.5|2636|1
8|75|8|74|7|3751.0|2638|1
8|75|8|74|7|3272.0|2640|1
8|79|42|79|42|3578.5|2640|1
8|79|42|79|42|3728.0|2642|1
8|80|39|80|38|3408.0|2644|1
8|80|37|80|35|3116.5|2646|1
8|81|32|81|29|3574.5|2648|1
8|80|28|80|24|3533.5|2650|1
8|81|25|81|21|3571.5|2652|1
8|81|20|81|16|3434.5|2654|1
8|81|17|81|13|3424.0|2656|1
8|82|16|82|13|3540.0|2658|1
8|81|15|81|13|3366.5|2660|1
8|97|37|97|37|2844.0|2660|1
8|97|35|102|40|3094.5|2662|1
8|99|29|105|33|1650.5|2664|1
8|96|25|98|25|2608.0|2666|1
8|81|8|80|7|2048.5|2666|1
8|92|18|91|14|2766.5|2668|1
8|79|7|78|6|1350.5|2668|1
8|91|14|91|14|3159.5|2670|1
8|80|5|79|4|1070.5|2670|1
8|87|10|83|4|3481.5|2672|1
8|89|7|87|1|2948.5|2674|1
8|87|4|85|0|1633.5|2676|0
7|88|96|54|59|1683.0|2566|1
7|92|67|103|69|7583.5|2568|1
7|93|64|96|63|7219.0|2570|1
7|90|91|89|91|69.0|2570|1
7|91|62|91|61|7230.0|2572|1
7|90|90|89|90|19.5|2572|1
7|89|89|88|88|4415.5|2574|1
7|91|60|92|60|7290.0|2574|1
7|91|58|91|46|7147.0|2576|1
7|87|88|86|88|4461.5|2576|1
7|85|84|83|90|4524.5|2578|1
7|90|54|90|53|6857.5|2578|1
7|88|50|88|39|6773.0|2580|1
7|83|81|82|81|4019.0|2580|1
7|89|49|89|48|6607.5|2582|1
7|82|78|81|78|4381.0|2582|1
7|88|47|88|46|6608.0|2584|1
7|81|76|80|76|3643.5|2584|1
7|88|59|88|59|9894.5|2584|1
7|81|74|78|79|3655.5|2586|1
7|88|46|88|45|6524.0|2586|1
7|85|41|85|30|6038.5|2588|1
7|80|70|79|70|3502.5|2588|1
7|84|38|84|37|6259.0|2590|1
7|79|67|78|67|3371.0|2590|1
7|84|37|84|36|6185.5|2592|1
7|79|65|78|65|3420.5|2592|1
7|83|36|83|35|6011.0|2594|1
7|79|64|78|64|3315.0|2594|1
7|82|36|82|35|6104.5|2596|1
7|78|63|77|63|3171.0|2596|1
7|81|34|81|33|6411.0|2598|1
7|78|60|77|60|3319.5|2598|1
7|81|34|81|33|6709.0|2600|1
7|76|59|75|59|69.5|2600|1
7|80|31|80|30|6742.5|2602|1
7|74|57|73|57|2877.5|2602|1
7|80|29|80|28|6727.0|2604|1
7|75|55|74|55|49.0|2604|1
7|77|28|77|27|6574.0|2606|1
7|74|53|73|53|2828.5|2606|1
7|77|26|77|25|6918.5|2608|1
7|74|54|73|54|2873.0|2608|1
7|77|27|77|26|6934.0|2610|1
7|73|54|72|54|3083.5|2610|1
7|77|26|77|25|6844.0|2612|1
7|73|55|72|55|3350.0|2612|1
7|77|25|77|24|7091.5|2614|1
7|73|55|72|55|3081.0|2614|1
7|78|26|78|25|6903.5|2616|1
7|74|55|73|55|3275.5|2616|1
7|77|23|77|22|7018.0|2618|1
7|73|55|72|55|3185.5|2618|1
7|78|24|78|23|7234.0|2620|1
7|73|56|72|56|3203.0|2620|1
7|78|21|78|20|6740.0|2622|1
7|77|17|74|5|6047.5|2624|1
7|77|14|76|10|6154.5|2626|1
7|77|11|76|9|5293.5|2628|1
7|77|11|77|10|5620.0|2630|1
7|77|11|77|10|5819.5|2632|1
7|76|9|75|8|5152.0|2634|1
7|78|10|78|10|5019.5|2636|1
7|75|8|74|7|3751.0|2638|1
7|75|8|74|7|3272.0|2640|1
7|79|42|79|42|3578.5|2640|1
7|79|42|80|54|3728.0|2642|1
7|80|39|80|40|3408.0|2644|1
7|80|37|80|36|3116.5|2646|1
7|81|32|81|30|3574.5|2648|1
7|80|28|79|26|3533.5|2650|1
7|81|25|81|23|3571.5|2652|1
7|81|20|81|17|3434.5|2654|1
7|81|17|81|15|3424.0|2656|1
7|82|16|82|15|3540.0|2658|1
7|81|15|80|14|3366.5|2660|1
7|97|37|97|37|2844.0|2660|1
7|97|35|102|42|3094.5|2662|1
7|99|29|101|28|1650.5|2664|1
7|96|25|95|23|2608.0|2666|1
7|81|8|80|7|2048.5|2666|1
7|92|18|90|15|2766.5|2668|1
7|79|7|78|6|1350.5|2668|1
7|91|14|91|14|3159.5|2670|1
7|80|5|79|4|1070.5|2670|1
7|87|10|84|6|3481.5|2672|1
7|89|7|89|5|2948.5|2674|1
7|87|4|86|2|1633.5|2676|0
7|89|95|0|0|1974.5|2564|1
7|92|70|93|69|7380.0|2566|1
7|92|67|96|67|7583.5|2568|1
7|93|64|100|64|7219.0|2570|1
7|90|91|89|93|69.0|2570|1
7|91|62|91|59|7230.0|2572|1
7|90|90|89|92|19.5|2572|1
7|89|89|88|88|4415.5|2574|1
7|91|60|93|60|7290.0|2574|1
7|91|58|91|47|7147.0|2576|1
7|87|88|86|90|4461.5|2576|1
7|85|84|83|86|4524.5|2578|1
7|90|54|90|51|6857.5|2578|1
7|88|50|87|42|6773.0|2580|1
7|83|81|82|83|4019.0|2580|1
7|89|49|89|46|6607.5|2582|1
7|82|78|81|80|4381.0|2582|1
7|88|47|88|44|6608.0|2584|1
7|81|76|80|78|3643.5|2584|1
7|88|59|88|56|9894.5|2584|1
7|81|74|78|79|3655.5|2586|1
7|88|46|88|44|6524.0|2586|1
7|85|41|84|33|6038.5|2588|1
7|80|70|79|72|3502.5|2588|1
7|84|38|84|35|6259.0|2590|1
7|79|67|78|69|3371.0|2590|1
7|84|37|84|34|6185.5|2592|1
7|79|65|78|67|3420.5|2592|1
7|83|36|83|33|6011.0|2594|1
7|79|64|78|66|3315.0|2594|1
7|82|36|82|33|6104.5|2596|1
7|78|63|77|65|3171.0|2596|1
7|81|34|81|31|6411.0|2598|1
7|78|60|77|62|3319.5|2598|1
7|81|34|81|31|6709.0|2600|1
7|76|59|75|61|69.5|2600|1
7|80|31|80|28|6742.5|2602|1
7|74|57|73|59|2877.5|2602|1
7|80|29|80|26|6727.0|2604|1
7|75|55|74|57|49.0|2604|1
7|77|28|77|25|6574.0|2606|1
7|74|53|73|55|2828.5|2606|1
7|77|26|77|23|6918.5|2608|1
7|74|54|73|56|2873.0|2608|1
7|77|27|77|24|6934.0|2610|1
7|73|54|72|56|3083.5|2610|1
7|77|26|77|23|6844.0|2612|1
7|73|55|72|57|3350.0|2612|1
7|77|25|77|22|7091.5|2614|1
7|73|55|72|57|3081.0|2614|1
7|78|26|78|23|6903.5|2616|1
7|74|55|73|57|3275.5|2616|1
7|77|23|77|20|7018.0|2618|1
7|73|55|72|57|3185.5|2618|1
7|78|24|78|21|7234.0|2620|1
7|73|56|72|58|3203.0|2620|1
7|78|21|78|18|6740.0|2622|1
7|77|17|74|3|6047.5|2624|1
7|77|14|75|7|6154.5|2626|1
7|77|11|76|8|5293.5|2628|1
7|77|11|76|10|5620.0|2630|1
7|77|11|77|10|5819.5|2632|1
7|76|9|75|8|5152.0|2634|1
7|78|10|78|9|5019.5|2636|1
7|75|8|74|7|3751.0|2638|1
7|75|8|74|7|3272.0|2640|1
7|79|42|79|44|3578.5|2640|1
7|79|42|80|53|3728.0|2642|1
7|80|39|81|44|3408.0|2644|1
7|80|37|80|36|3116.5|2646|1
7|81|32|81|29|3574.5|2648|1
7|80|28|79|25|3533.5|2650|1
7|81|25|81|23|3571.5|2652|1
7|81|20|81|17|3434.5|2654|1
7|81|17|81|14|3424.0|2656|1
7|82|16|82|14|3540.0|2658|1
7|81|15|80|14|3366.5|2660|1
7|97|37|98|38|2844.0|2660|1
7|97|35|102|41|3094.5|2662|1
7|99|29|102|30|1650.5|2664|1
7|96|25|95|23|2608.0|2666|1
7|81|8|79|6|2048.5|2666|1
7|92|18|90|14|2766.5|2668|1
7|79|7|78|6|1350.5|2668|1
7|91|14|91|14|3159.5|2670|1
7|80|5|79|4|1070.5|2670|1
7|87|10|84|5|3481.5|2672|1
7|89|7|88|4|2948.5|2674|1
7|87|4|86|2|1633.5|2676|0
6|91|96|56|59|1391.5|2562|1
6|92|72|102|75|7595.5|2564|1
6|92|70|94|70|7380.0|2566|1
6|92|67|92|65|7583.5|2568|1
6|93|64|93|62|7219.0|2570|1
6|90|91|89|96|69.0|2570|1
6|91|62|91|56|7230.0|2572|1
6|90|90|89|95|19.5|2572|1
6|89|89|87|97|4415.5|2574|1
6|91|60|97|60|7290.0|2574|1
6|91|58|91|48|7147.0|2576|1
6|87|88|86|93|4461.5|2576|1
6|85|84|82|90|4524.5|2578|1
6|90|54|90|47|6857.5|2578|1
6|88|50|88|39|6773.0|2580|1
6|83|81|81|86|4019.0|2580|1
6|89|49|90|42|6607.5|2582|1
6|82|78|80|83|4381.0|2582|1
6|88|47|89|40|6608.0|2584|1
6|81|76|79|81|3643.5|2584|1
6|88|59|88|59|9894.5|2584|1
6|81|74|78|79|3655.5|2586|1
6|88|46|88|41|6524.0|2586|1
6|85|41|85|30|6038.5|2588|1
6|80|70|78|75|3502.5|2588|1
6|84|38|84|31|6259.0|2590|1
6|79|67|78|72|3371.0|2590|1
6|84|37|84|31|6185.5|2592|1
6|79|65|78|70|3420.5|2592|1
6|83|36|83|30|6011.0|2594|1
6|79|64|78|69|3315.0|2594|1
6|82|36|82|30|6104.5|2596|1
6|78|63|77|68|3171.0|2596|1
6|81|34|81|28|6411.0|2598|1
6|78|60|77|65|3319.5|2598|1
6|81|34|81|28|6709.0|2600|1
6|76|59|75|63|69.5|2600|1
6|80|31|80|25|6742.5|2602|1
6|74|57|72|62|2877.5|2602|1
6|80|29|81|23|6727.0|2604|1
6|75|55|74|60|49.0|2604|1
6|77|28|77|22|6574.0|2606|1
6|74|53|73|57|2828.5|2606|1
6|77|26|77|20|6918.5|2608|1
6|74|54|73|59|2873.0|2608|1
6|77|27|77|21|6934.0|2610|1
6|73|54|72|59|3083.5|2610|1
6|77|26|77|20|6844.0|2612|1
6|73|55|72|60|3350.0|2612|1
6|77|25|77|19|7091.5|2614|1
6|73|55|72|60|3081.0|2614|1
6|78|26|78|20|6903.5|2616|1
6|74|55|73|60|3275.5|2616|1
6|77|23|77|16|7018.0|2618|1
6|73|55|72|61|3185.5|2618|1
6|78|24|78|17|7234.0|2620|1
6|73|56|72|62|3203.0|2620|1
6|78|21|78|14|6740.0|2622|1
6|77|17|74|5|6047.5|2624|1
6|77|14|76|10|6154.5|2626|1
6|77|11|76|9|5293.5|2628|1
6|77|11|77|10|5620.0|2630|1
6|77|11|77|10|5819.5|2632|1
6|76|9|75|8|5152.0|2634|1
6|78|10|78|10|5019.5|2636|1
6|75|8|74|7|3751.0|2638|1
6|75|8|74|7|3272.0|2640|1
6|79|42|79|48|3578.5|2640|1
6|79|42|80|54|3728.0|2642|1
6|80|39|80|40|3408.0|2644|1
6|80|37|80|36|3116.5|2646|1
6|81|32|81|30|3574.5|2648|1
6|80|28|79|26|3533.5|2650|1
6|81|25|81|23|3571.5|2652|1
6|81|20|81|17|3434.5|2654|1
6|81|17|81|15|3424.0|2656|1
6|82|16|82|15|3540.0|2658|1
6|81|15|80|14|3366.5|2660|1
6|97|37|100|41|2844.0|2660|1
6|97|35|102|42|3094.5|2662|1
6|99|29|101|28|1650.5|2664|1
6|96|25|95|23|2608.0|2666|1
6|81|8|78|4|2048.5|2666|1
6|92|18|90|15|2766.5|2668|1
6|79|7|76|5|1350.5|2668|1
6|91|14|93|15|3159.5|2670|1
6|80|5|77|3|1070.5|2670|1
6|87|10|84|6|3481.5|2672|1
6|89|7|89|5|2948.5|2674|1
6|87|4|86|2|1633.5|2676|0
6|92|98|0|0|1018.0|2560|1
6|92|75|91|73|8071.0|2562|1
6|92|72|96|73|7595.5|2564|1
6|92|70|98|71|7380.0|2566|1
6|92|67|92|65|7583.5|2568|1
6|93|64|93|62|7219.0|2570|1
6|90|91|89|100|69.0|2570|1
6|91|62|91|51|7230.0|2572|1
6|90|90|89|100|19.5|2572|1
6|89|89|87|96|4415.5|2574|1
6|91|60|101|61|7290.0|2574|1
6|91|58|90|52|7147.0|2576|1
6|87|88|85|98|4461.5|2576|1
6|85|84|83|87|4524.5|2578|1
6|90|54|91|42|6857.5|2578|1
6|88|50|87|42|6773.0|2580|1
6|83|81|80|91|4019.0|2580|1
6|89|49|91|37|6607.5|2582|1
6|82|78|79|88|4381.0|2582|1
6|88|47|90|35|6608.0|2584|1
6|81|76|78|86|3643.5|2584|1
6|88|59|88|56|9894.5|2584|1
6|81|74|78|79|3655.5|2586|1
6|88|46|89|37|6524.0|2586|1
6|85|41|84|33|6038.5|2588|1
6|80|70|77|79|3502.5|2588|1
6|84|38|85|26|6259.0|2590|1
6|79|67|77|77|3371.0|2590|1
6|84|37|85|26|6185.5|2592|1
6|79|65|77|75|3420.5|2592|1
6|83|36|84|25|6011.0|2594|1
6|79|64|77|74|3315.0|2594|1
6|82|36|83|25|6104.5|2596|1
6|78|63|76|72|3171.0|2596|1
6|81|34|82|23|6411.0|2598|1
6|78|60|76|69|3319.5|2598|1
6|81|34|82|24|6709.0|2600|1
6|76|59|74|67|69.5|2600|1
6|80|31|81|20|6742.5|2602|1
6|74|57|71|66|2877.5|2602|1
6|80|29|82|18|6727.0|2604|1
6|75|55|73|64|49.0|2604|1
6|77|28|77|18|6574.0|2606|1
6|74|53|72|61|2828.5|2606|1
6|77|26|78|16|6918.5|2608|1
6|74|54|72|64|2873.0|2608|1
6|77|27|78|17|6934.0|2610|1
6|73|54|71|63|3083.5|2610|1
6|77|26|78|15|6844.0|2612|1
6|73|55|71|65|3350.0|2612|1
6|77|25|78|14|7091.5|2614|1
6|73|55|71|65|3081.0|2614|1
6|78|26|79|15|6903.5|2616|1
6|74|55|72|65|3275.5|2616|1
6|77|23|78|11|7018.0|2618|1
6|73|55|71|66|3185.5|2618|1
6|78|24|79|12|7234.0|2620|1
6|73|56|71|67|3203.0|2620|1
6|78|21|79|8|6740.0|2622|1
6|77|17|74|3|6047.5|2624|1
6|77|14|75|7|6154.5|2626|1
6|77|11|76|8|5293.5|2628|1
6|77|11|76|10|5620.0|2630|1
6|77|11|77|10|5819.5|2632|1
6|76|9|75|8|5152.0|2634|1
6|78|10|78|9|5019.5|2636|1
6|75|8|74|7|3751.0|2638|1
6|75|8|74|7|3272.0|2640|1
6|79|42|80|53|3578.5|2640|1
6|79|42|80|53|3728.0|2642|1
6|80|39|81|44|3408.0|2644|1
6|80|37|80|36|3116.5|2646|1
6|81|32|81|29|3574.5|2648|1
6|80|28|79|25|3533.5|2650|1
6|81|25|81|23|3571.5|2652|1
6|81|20|81|17|3434.5|2654|1
6|81|17|81|14|3424.0|2656|1
6|82|16|82|14|3540.0|2658|1
6|81|15|80|14|3366.5|2660|1
6|97|37|102|44|2844.0|2660|1
6|97|35|102|41|3094.5|2662|1
6|99|29|102|30|1650.5|2664|1
6|96|25|95|23|2608.0|2666|1
6|81|8|76|2|2048.5|2666|1
6|92|18|90|14|2766.5|2668|1
6|79|7|75|3|1350.5|2668|1
6|91|14|95|16|3159.5|2670|1
6|80|5|76|1|1070.5|2670|1
6|87|10|84|5|3481.5|2672|1
6|89|7|88|4|2948.5|2674|1
6|87|4|86|2|1633.5|2676|0
5|100|99|0|0|860.5|2524|1
5|98|99|60|60|1532.0|2526|1
5|97|98|101|102|2067.5|2528|1
5|96|95|106|105|3213.0|2530|1
5|95|94|100|99|3565.0|2532|1
5|94|93|96|94|4031.5|2534|1
5|91|93|90|93|4796.0|2536|1
5|91|93|89|92|5301.5|2538|1
5|90|92|89|91|5513.5|2540|1
5|89|92|88|91|5836.5|2542|1
5|89|92|88|91|6023.0|2544|1
5|89|91|88|90|6364.5|2546|1
5|89|90|88|89|6731.0|2548|1
5|91|90|91|89|6717.0|2550|1
5|93|88|94|87|7082.5|2552|1
5|93|86|94|84|7608.5|2554|1
5|93|84|93|82|7680.5|2556|1
5|92|82|91|80|7688.0|2558|1
5|92|77|91|74|7865.0|2560|1
5|92|75|91|71|8071.0|2562|1
5|92|72|91|70|7595.5|2564|1
5|92|70|91|67|7380.0|2566|1
5|92|67|91|64|7583.5|2568|1
5|93|64|93|61|7219.0|2570|1
5|90|91|89|99|69.0|2570|1
5|91|62|91|52|7230.0|2572|1
5|90|90|89|99|19.5|2572|1
5|89|89|88|95|4415.5|2574|1
5|91|60|95|60|7290.0|2574|1
5|91|58|90|55|7147.0|2576|1
5|87|88|85|97|4461.5|2576|1
5|85|84|83|86|4524.5|2578|1
5|90|54|90|42|6857.5|2578|1
5|88|50|86|43|6773.0|2580|1
5|83|81|80|89|4019.0|2580|1
5|89|49|90|38|6607.5|2582|1
5|82|78|79|87|4381.0|2582|1
5|88|47|89|36|6608.0|2584|1
5|81|76|78|85|3643.5|2584|1
5|88|59|87|53|9894.5|2584|1
5|81|74|78|77|3655.5|2586|1
5|88|46|89|38|6524.0|2586|1
5|85|41|83|34|6038.5|2588|1
5|80|70|77|77|3502.5|2588|1
5|84|38|85|27|6259.0|2590|1
5|79|67|77|76|3371.0|2590|1
5|84|37|85|27|6185.5|2592|1
5|79|65|77|74|3420.5|2592|1
5|83|36|84|26|6011.0|2594|1
5|79|64|77|73|3315.0|2594|1
5|82|36|82|26|6104.5|2596|1
5|78|63|76|71|3171.0|2596|1
5|81|34|81|24|6411.0|2598|1
5|78|60|77|68|3319.5|2598|1
5|81|34|81|25|6709.0|2600|1
5|76|59|74|67|69.5|2600|1
5|80|31|81|21|6742.5|2602|1
5|74|57|72|65|2877.5|2602|1
5|80|29|81|19|6727.0|2604|1
5|75|55|73|63|49.0|2604|1
5|77|28|77|19|6574.0|2606|1
5|74|53|73|61|2828.5|2606|1
5|77|26|77|17|6918.5|2608|1
5|74|54|73|63|2873.0|2608|1
5|77|27|77|18|6934.0|2610|1
5|73|54|71|62|3083.5|2610|1
5|77|26|78|16|6844.0|2612|1
5|73|55|71|64|3350.0|2612|1
5|77|25|78|15|7091.5|2614|1
5|73|55|71|64|3081.0|2614|1
5|78|26|79|16|6903.5|2616|1
5|74|55|72|64|3275.5|2616|1
5|77|23|77|12|7018.0|2618|1
5|73|55|71|65|3185.5|2618|1
5|78|24|79|13|7234.0|2620|1
5|73|56|71|66|3203.0|2620|1
5|78|21|79|9|6740.0|2622|1
5|77|17|74|0|6047.5|2624|1
5|77|14|74|0|6154.5|2626|1
5|77|11|75|2|5293.5|2628|1
5|77|11|76|6|5620.0|2630|1
5|77|11|76|9|5819.5|2632|1
5|76|9|75|7|5152.0|2634|1
5|78|10|78|9|5019.5|2636|1
5|75|8|74|7|3751.0|2638|1
5|75|8|74|7|3272.0|2640|1
5|79|42|79|52|3578.5|2640|1
5|79|42|79|52|3728.0|2642|1
5|80|39|81|50|3408.0|2644|1
5|80|37|81|41|3116.5|2646|1
5|81|32|81|31|3574.5|2648|1
5|80|28|80|25|3533.5|2650|1
5|81|25|81|21|3571.5|2652|1
5|81|20|81|16|3434.5|2654|1
5|81|17|81|13|3424.0|2656|1
5|82|16|82|13|3540.0|2658|1
5|81|15|81|13|3366.5|2660|1
5|97|37|102|43|2844.0|2660|1
5|97|35|102|40|3094.5|2662|1
5|99|29|105|33|1650.5|2664|1
5|96|25|98|25|2608.0|2666|1
5|81|8|79|3|2048.5|2666|1
5|92|18|91|14|2766.5|2668|1
5|79|7|76|5|1350.5|2668|1
5|91|14|94|16|3159.5|2670|1
5|80|5|76|2|1070.5|2670|1
5|87|10|83|4|3481.5|2672|1
5|89|7|87|1|2948.5|2674|1
5|87|4|85|0|1633.5|2676|0
17|88|98|0|0|1408.0|4384|1
17|87|96|53|59|2279.5|4386|1
17|84|95|87|99|2935.5|4388|1
17|85|93|94|103|3028.0|4390|1
17|85|89|90|93|3170.0|4392|1
17|84|85|86|84|3216.5|4394|1
17|86|81|87|78|3331.0|4396|1
17|85|77|85|73|3041.5|4398|1
17|86|75|86|71|3467.5|4400|1
17|86|69|86|65|3237.0|4402|1
17|87|61|87|55|3161.0|4406|1
17|86|58|86|52|3033.5|4408|1
17|84|47|83|40|2890.5|4414|1
17|86|42|85|34|2757.0|4416|1
17|87|40|87|37|2714.5|4418|1
17|89|35|89|32|2891.0|4420|1
17|90|32|91|28|2882.5|4422|1
17|88|30|88|27|2766.0|4424|1
17|88|27|87|24|2941.0|4426|1
17|86|24|85|21|2886.5|4428|1
17|85|18|83|14|2969.0|4430|1
17|87|8|86|1|2174.0|4436|0
16|94|99|0|0|730.5|4320|1
16|94|98|57|60|1398.5|4322|1
16|95|97|99|101|1795.0|4324|1
16|96|95|107|105|2141.5|4326|1
16|98|93|105|98|2370.5|4328|1
16|97|93|100|94|2531.5|4330|1
16|97|92|98|92|2497.0|4332|1
16|97|90|97|89|2557.5|4334|1
16|98|88|98|86|2672.5|4336|1
16|97|84|97|81|2654.0|4338|1
16|97|82|96|79|2652.5|4340|1
16|95|77|94|73|2594.0|4342|1
16|94|76|92|73|2670.5|4344|1
16|95|73|94|70|2742.0|4346|1
16|96|70|96|67|2668.5|4348|1
16|94|68|93|65|2683.5|4350|1
16|94|65|93|62|2660.0|4352|1
16|94|63|93|60|2661.5|4354|1
16|93|60|92|57|2712.5|4356|1
16|93|57|92|54|2731.5|4358|1
16|92|55|91|52|2661.5|4360|1
16|92|52|91|49|2652.0|4362|1
16|92|49|91|46|2812.5|4364|1
16|92|46|91|43|2624.0|4366|1
16|93|44|93|41|2607.0|4368|1
16|94|42|94|39|2603.0|4370|1
16|94|40|94|37|2557.5|4372|1
16|95|37|95|34|2570.0|4374|1
16|96|34|96|31|2593.5|4376|1
16|95|32|95|29|2680.5|4378|1
16|95|29|94|26|2670.0|4380|1
16|96|27|96|24|2675.5|4382|1
16|96|27|96|25|2765.5|4384|1
16|99|23|100|20|2605.0|4386|1
16|98|22|98|19|2543.5|4388|1
16|99|21|99|19|2521.5|4390|1
16|100|19|100|17|2499.5|4392|1
16|100|17|100|15|2558.5|4394|1
16|100|15|100|13|2551.0|4396|1
16|101|12|101|9|2531.0|4398|1
16|101|11|101|8|2552.0|4400|1
16|102|8|102|5|2268.5|4402|1
16|103|8|103|6|2422.0|4404|1
16|103|8|103|7|2126.5|4406|1
16|104|6|104|5|1600.5|4408|1
16|102|5|101|3|993.5|4410|1
16|101|3|100|1|558.0|4412|1
16|103|3|103|1|445.5|4414|1
16|87|40|87|34|2714.5|4418|1
16|89|35|84|45|2891.0|4420|1
16|90|32|85|42|2882.5|4422|1
16|88|30|85|34|2766.0|4424|1
16|88|27|86|27|2941.0|4426|1
16|86|24|84|22|2886.5|4428|1
16|85|18|83|14|2969.0|4430|1
16|87|8|86|1|2174.0|4436|0
19|115|100|0|0|535.5|4628|1
19|115|99|70|60|714.5|4630|1
19|116|98|121|102|1181.5|4632|1
19|116|95|129|105|1970.0|4634|1
19|118|94|126|99|2436.0|4636|1
19|117|91|121|92|2668.0|4638|1
19|117|88|118|86|2826.5|4640|1
19|118|85|118|82|2742.5|4642|1
19|119|82|118|78|2825.0|4644|1
19|119|79|122|83|2858.5|4646|1
19|120|74|122|75|2825.0|4648|1
19|120|71|121|69|2919.5|4650|1
19|120|68|120|65|2890.0|4652|1
19|121|67|121|65|2874.0|4654|1
19|120|63|119|61|2792.0|4656|1
19|120|60|119|57|2626.0|4658|1
19|120|58|119|55|2641.5|4660|1
19|119|56|118|53|2427.0|4662|1
19|118|55|117|53|2638.0|4664|1
19|117|51|115|48|2647.5|4666|1
19|117|48|122|52|2645.5|4668|1
19|116|49|119|52|2589.5|4670|1
19|115|47|116|48|2460.5|4672|1
19|115|45|115|44|2596.0|4674|1
19|114|42|113|40|2344.0|4676|1
19|114|41|113|39|2370.0|4678|1
19|115|37|115|34|2443.0|4680|1
19|118|34|119|31|2659.0|4682|1
19|118|30|119|26|2626.5|4684|1
19|118|24|118|19|2386.5|4686|1
19|118|23|118|19|2494.5|4688|1
19|119|19|119|15|2784.0|4690|1
19|118|16|118|12|2632.5|4692|1
19|118|12|117|8|2595.0|4694|1
19|119|10|119|6|2595.0|4696|1
19|120|8|120|5|2294.0|4698|1
19|119|7|119|5|2114.0|4700|1
19|120|4|120|1|1150.5|4702|1
19|120|2|120|0|608.0|4706|0
18|96|101|0|0|417.0|4606|1
18|94|99|57|60|996.0|4608|1
18|94|98|98|102|1245.0|4610|1
18|95|96|105|106|1412.0|4612|1
18|95|90|101|94|1087.5|4614|1
18|94|88|96|87|1085.0|4616|1
18|94|84|94|81|1017.0|4618|1
18|95|81|95|77|851.5|4620|1
18|96|73|96|68|1139.0|4622|1
18|97|72|97|67|947.5|4624|1
18|98|69|98|65|948.0|4626|1
18|98|66|98|62|1039.5|4628|1
18|99|63|99|60|883.5|4630|1
18|100|59|100|55|1132.0|4632|1
18|99|54|99|49|1059.0|4634|1
18|97|52|96|48|1252.5|4636|1
18|97|49|96|45|1011.5|4638|1
18|97|41|90|24|1146.5|4642|1
18|121|67|121|64|2874.0|4654|1
18|120|63|127|65|2792.0|4656|1
18|120|60|128|63|2626.0|4658|1
18|120|58|124|58|2641.5|4660|1
18|119|56|120|55|2427.0|4662|1
18|118|55|117|53|2638.0|4664|1
18|117|51|116|48|2647.5|4666|1
18|117|48|116|45|2645.5|4668|1
18|116|49|115|47|2589.5|4670|1
18|115|47|114|45|2460.5|4672|1
18|115|45|114|43|2596.0|4674|1
18|114|42|113|39|2344.0|4676|1
18|114|41|113|39|2370.0|4678|1
18|115|37|115|34|2443.0|4680|1
18|118|34|119|31|2659.0|4682|1
18|118|30|119|26|2626.5|4684|1
18|118|24|118|19|2386.5|4686|1
18|118|23|118|19|2494.5|4688|1
18|119|19|119|15|2784.0|4690|1
18|118|16|118|12|2632.5|4692|1
18|118|12|117|8|2595.0|4694|1
18|119|10|119|6|2595.0|4696|1
18|120|8|120|5|2294.0|4698|1
18|119|7|119|5|2114.0|4700|1
18|120|4|120|1|1150.5|4702|1
18|120|2|120|0|608.0|4706|0
