header: Config: fecha:16-02-2024, hora:12:00:00, FPS:30,FPSDist:2, FPSAp:15, Confianza:0.6, Cantidad de apariciones: 10, Tiempo de guardado: 10.0
0|49|99|0|0|2230.0|302
0|49|96|24|48|2220.0|304
0|52|90|41|73|2913.0|306
0|50|81|46|78|3083.0|308
0|38|82|41|80|3310.5|312
0|46|58|44|66|3210.0|322
0|50|59|47|61|3779.5|324
0|50|59|49|60|3508.5|326
0|53|51|51|54|3193.5|328
0|56|41|54|46|3287.5|330
0|51|42|52|43|1742.5|332
0|46|36|48|38|2037.5|334
0|53|37|51|37|2238.0|336
0|53|34|52|35|2513.0|338
0|53|32|52|33|2144.5|340
0|52|26|52|28|1918.5|342
0|53|23|52|25|2016.5|344
0|62|18|58|20|3198.5|346
0|58|16|58|17|2178.5|348
0|59|11|58|13|1400.0|350
1|30|105|0|0|872.0|1766
1|32|102|16|51|1465.5|1768
1|33|100|26|80|1614.5|1770
1|35|99|31|91|2407.5|1772
1|41|90|37|90|2806.5|1780
1|42|88|40|89|2465.5|1782
1|38|83|38|85|3979.5|1784
1|38|83|38|83|4689.5|1786
1|37|81|37|82|4052.0|1788
1|36|80|36|80|4990.5|1790
1|34|79|34|79|5314.5|1792
1|35|78|34|78|5404.0|1794
1|38|73|36|75|4233.0|1796
1|38|70|37|71|3425.5|1798
1|36|69|36|70|3683.5|1800
1|38|68|37|68|3679.5|1802
1|37|66|37|67|3286.0|1804
1|35|63|35|64|2997.5|1806
1|34|59|34|61|2919.0|1808
1|31|57|32|58|2569.0|1810
1|30|53|30|55|3009.0|1812
1|25|47|27|50|2833.5|1814
1|24|45|25|46|2653.0|1816
1|29|40|27|42|2203.5|1820
1|24|36|25|38|1791.0|1822
1|22|32|23|34|1606.0|1824
1|21|31|21|32|2018.0|1826
1|22|32|21|32|2713.5|1828
1|20|31|20|31|3549.5|1830
1|20|28|20|29|3903.5|1832
1|20|25|20|26|3825.0|1834
1|21|22|20|23|4010.5|1836
1|21|21|20|22|4178.5|1838
1|19|20|19|20|4624.5|1840
1|21|18|20|19|4490.5|1842
1|26|16|23|17|3598.5|1844
1|26|15|25|15|3869.5|1846
1|29|14|27|14|3631.0|1848
1|30|14|29|14|3582.5|1850
1|32|11|30|12|2649.5|1852
1|34|10|32|10|2612.0|1854
1|37|9|35|9|1920.5|1856
1|38|8|37|8|1401.5|1858
1|40|6|38|7|848.5|1860
1|43|4|41|5|516.0|1862
4|72|102|0|0|699.0|2648
4|70|100|35|50|1145.0|2650
4|62|96|51|77|2800.0|2652
4|62|94|57|87|4487.5|2654
4|63|93|61|90|3618.0|2656
4|64|92|62|91|3114.0|2658
4|68|91|66|91|2177.5|2660
4|72|86|69|87|1666.0|2662
4|80|80|76|83|2280.5|2664
4|82|76|79|78|2795.5|2666
4|83|69|81|72|1373.5|2668
4|82|64|81|67|1646.5|2670
4|76|60|78|62|1531.5|2672
4|74|56|75|58|1483.0|2674
4|77|56|76|56|689.0|2676
4|76|57|76|56|1225.0|2676
4|74|51|74|53|1367.0|2678
4|71|42|72|46|1541.0|2680
4|71|41|71|43|2016.5|2682
4|67|36|68|38|2100.0|2684
4|63|35|65|36|2187.0|2686
4|56|24|59|28|982.5|2688
4|56|20|57|23|1296.0|2690
4|57|18|57|20|1124.5|2692
4|55|17|55|18|1215.5|2694
4|56|13|55|14|1477.5|2696
4|51|8|52|10|601.5|2698
4|53|7|52|8|845.0|2700
4|54|9|53|8|592.0|2702
5|53|104|0|0|683.0|4276
5|55|97|27|48|980.0|4280
5|52|95|42|76|1121.0|4282
5|49|92|46|86|1570.0|4284
5|48|91|47|89|1316.0|4286
5|44|89|45|89|1699.0|4288
5|39|83|41|85|2556.0|4290
5|41|83|41|83|1993.5|4292
5|43|82|42|82|1236.0|4294
5|43|75|42|77|1326.0|4296
5|42|70|42|73|1194.5|4298
5|44|65|43|68|908.5|4300
11|38|98|0|0|1324.0|4668
11|38|95|19|47|1615.0|4670
11|37|90|29|73|3332.5|4672
11|34|87|32|81|5235.0|4674
11|34|83|33|82|5412.0|4676
11|28|79|30|80|6424.5|4678
11|23|81|25|80|6959.0|4680
11|23|80|24|80|7295.0|4682
11|23|79|23|79|6746.5|4684
11|25|79|24|79|6363.5|4686
11|31|76|28|77|4737.5|4688
11|36|75|33|75|2252.0|4690
11|35|75|34|75|2750.5|4692
11|36|75|35|75|2219.5|4694
11|33|68|33|70|2879.5|4696
11|31|67|32|68|3038.5|4698
11|24|58|27|61|3418.0|4700
11|26|49|26|53|2340.0|4702
11|22|42|23|46|3982.0|4704
11|21|45|22|45|5110.5|4706
11|23|42|22|43|4147.0|4708
11|24|37|23|39|3838.0|4710
11|18|32|20|34|5995.5|4712
11|19|32|19|33|6365.0|4714
11|20|30|19|31|5210.0|4716
11|19|23|19|26|5397.0|4718
11|18|22|18|23|6202.0|4720
11|21|18|20|20|4905.5|4722
11|22|17|21|18|5053.0|4724
11|18|18|19|18|5081.5|4726
11|22|9|20|12|2794.5|4728
11|27|7|24|9|935.0|4730
11|25|9|24|9|1541.0|4734
11|24|8|24|8|1667.5|4736
12|51|95|0|0|847.0|5318
12|52|90|26|45|1121.5|5320
12|51|89|41|71|1698.5|5324
12|49|88|45|81|2041.5|5326
12|52|90|49|86|1367.0|5328
12|56|90|53|88|1602.5|5330
12|56|86|55|87|1826.5|5332
12|56|89|55|88|1375.5|5334
12|55|88|55|88|1367.5|5336
12|52|84|53|85|2134.5|5338
12|52|83|52|83|2436.0|5340
12|53|84|52|83|2044.5|5342
12|55|84|54|83|1637.5|5344
12|55|84|54|83|1406.5|5346
12|55|84|54|83|1392.5|5348
12|56|84|55|83|1383.5|5350
12|56|84|55|83|1404.5|5352
12|56|84|55|83|1393.5|5354
12|55|84|55|83|1390.5|5356
12|56|88|55|86|1220.0|5358
12|57|88|56|87|1558.5|5360
12|60|82|58|84|2199.0|5362
12|60|82|59|82|2191.0|5364
12|60|85|59|84|1150.5|5366
12|60|81|59|82|1687.5|5366
12|60|88|59|85|1067.5|5368
12|60|82|59|83|1696.0|5368
12|61|84|60|83|1770.0|5370
12|62|83|61|83|2141.0|5372
12|62|83|61|83|2172.5|5374
12|62|83|61|83|2137.0|5376
12|62|83|61|83|2141.0|5378
12|62|83|61|83|2154.0|5380
12|61|83|61|83|2179.0|5382
12|62|83|61|83|2182.5|5384
12|62|83|61|83|2160.5|5386
12|62|83|61|83|2195.5|5388
12|62|83|61|83|2166.0|5390
12|60|83|60|83|1860.5|5392
12|54|84|56|83|2210.0|5394
12|49|84|51|83|3610.5|5396
12|48|87|49|85|3282.0|5398
12|48|88|48|87|3230.5|5400
12|48|88|48|87|3206.5|5402
12|49|87|48|87|2943.5|5404
12|51|88|50|87|2055.0|5406
12|50|88|50|87|1773.0|5408
12|49|84|49|85|1562.5|5410
12|50|82|49|83|1541.5|5412
12|50|82|49|82|1554.5|5414
12|50|82|49|82|1646.5|5416
12|50|81|49|81|1826.5|5418
12|50|79|49|79|1397.5|5420
12|49|70|49|73|1600.0|5422
12|49|66|49|68|1442.5|5424
12|50|61|49|64|1923.0|5426
12|53|59|51|60|2140.5|5428
12|52|57|51|58|1763.5|5430
12|50|56|50|56|1429.5|5432
12|49|59|49|58|1070.5|5434
12|47|61|48|59|1266.5|5436
12|50|74|49|68|521.0|5436
12|48|61|48|63|1294.5|5438
12|53|59|51|60|1914.5|5442
12|54|61|52|60|1598.5|5444
12|55|60|54|60|1630.0|5446
12|56|59|55|59|1430.0|5448
12|52|60|53|59|1843.0|5450
12|53|59|53|59|1762.5|5452
12|56|61|54|60|1183.0|5454
12|63|57|59|58|1972.0|5456
12|62|53|61|55|1838.5|5458
12|63|47|62|50|1575.0|5460
12|65|42|63|45|1579.0|5462
12|68|36|66|39|1450.0|5464
12|70|30|68|33|1693.0|5466
12|70|29|69|30|1417.0|5468
12|73|18|71|22|1563.5|5472
12|72|15|71|18|938.5|5474
12|73|12|72|14|1088.5|5476
12|70|9|70|11|600.0|5478
12|70|6|70|7|343.0|5480
13|70|104|0|0|600.0|5620
13|75|102|37|51|1470.0|5622
13|72|99|58|79|2155.0|5624
13|69|97|64|90|2435.0|5626
13|68|95|66|93|2815.0|5628
13|62|96|63|94|1784.5|5630
13|63|93|63|93|2750.0|5632
13|59|93|60|93|2185.0|5634
13|60|92|60|92|2421.5|5636
13|63|94|61|93|2944.5|5638
13|62|92|61|92|3609.0|5640
13|63|91|62|91|4740.5|5642
13|62|90|62|90|4417.5|5644
13|59|86|60|87|4610.0|5646
13|59|83|59|84|4897.0|5648
13|59|82|59|83|4872.5|5650
13|58|78|58|79|4889.0|5652
13|65|71|62|74|5151.5|5654
13|62|69|62|71|5261.5|5656
13|66|64|64|66|5763.0|5658
13|66|59|65|61|4720.0|5660
13|62|58|63|59|4316.0|5662
13|62|55|62|56|4418.5|5664
13|62|51|62|53|3685.5|5666
13|70|43|67|46|5217.0|5668
13|79|34|74|38|6688.5|5670
13|78|28|76|32|6193.0|5672
13|81|25|79|27|7169.5|5674
13|74|25|76|26|5650.5|5676
13|73|17|74|20|3322.5|5678
13|74|12|74|15|2012.5|5680
13|76|10|75|11|1679.0|5682
13|68|5|70|7|429.0|5684
17|43|100|0|0|2080.0|6916
17|40|97|20|48|1889.0|6918
17|43|96|33|77|2890.0|6920
17|43|95|39|88|3035.5|6922
17|48|83|44|84|4050.0|6924
17|45|80|44|81|3541.0|6926
17|43|78|43|79|2860.0|6928
17|39|72|40|74|2883.0|6930
17|42|59|41|65|3893.0|6934
17|40|55|40|58|3913.0|6936
17|34|41|36|47|3763.0|6940
17|34|39|34|42|3878.5|6942
17|37|28|36|33|5231.5|6944
17|37|27|36|29|4452.5|6946
17|32|24|33|26|2773.5|6948
17|31|18|32|21|2920.0|6950
17|28|17|29|18|1974.0|6952
17|26|14|27|15|1962.5|6954
17|32|13|30|14|2338.5|6956
17|33|13|31|13|2248.0|6958
17|34|9|33|10|1814.0|6960
17|38|7|36|8|1615.0|6962
18|62|104|0|0|623.5|7952
18|62|102|31|51|859.5|7954
18|61|102|49|81|953.0|7956
18|64|99|58|92|1539.0|7958
18|62|99|60|96|1726.0|7960
18|61|95|60|95|2706.5|7962
18|58|100|59|98|1379.0|7964
18|55|100|56|99|1430.5|7966
18|55|100|55|99|1733.5|7968
18|55|99|55|99|1894.0|7970
18|53|98|53|98|2242.0|7972
18|55|96|54|96|2565.5|7974
18|55|93|54|94|3073.5|7976
18|59|95|57|94|2419.5|7978
18|60|94|59|94|2867.0|7980
18|60|94|59|94|3003.5|7982
18|57|93|58|93|3192.5|7984
18|57|92|57|92|3330.0|7986
18|53|90|54|90|3632.5|7988
18|56|88|55|89|3810.5|7990
18|59|87|57|87|4336.0|7992
18|61|86|59|86|4652.5|7994
18|62|87|61|86|4760.0|7996
18|68|86|65|86|5862.5|7998
18|63|86|63|86|4875.0|8000
18|61|85|62|85|4722.5|8002
18|58|85|59|85|4378.0|8004
18|55|80|56|81|4368.0|8006
18|59|77|58|78|4450.0|8008
18|68|67|64|71|4292.0|8010
18|66|66|65|68|3590.5|8012
18|65|73|65|71|4422.0|8014
18|67|70|66|70|4423.0|8016
18|69|70|67|70|4724.5|8018
18|73|71|71|70|5479.0|8020
18|77|73|74|72|6856.5|8022
18|73|73|73|72|5403.5|8024
18|70|69|71|70|4536.0|8026
18|65|64|67|66|4351.0|8028
18|68|63|67|64|4368.5|8030
18|72|62|70|62|4327.5|8032
18|77|59|74|60|4458.5|8034
18|79|57|77|58|4600.0|8036
18|82|53|80|55|4543.5|8038
18|81|51|80|52|4543.5|8040
18|86|48|83|49|4639.5|8042
18|86|43|85|45|4709.0|8044
18|86|40|85|42|4678.0|8046
18|84|37|84|38|4306.0|8048
18|84|36|84|37|4438.0|8050
18|85|37|84|37|4785.0|8052
18|87|35|86|35|5109.5|8054
18|80|37|82|36|4400.5|8056
18|74|30|77|32|4290.5|8058
18|77|26|77|28|4621.0|8060
18|76|23|76|25|4685.0|8062
18|75|18|75|20|4166.5|8064
18|74|19|74|19|4428.5|8066
18|66|20|69|19|4201.0|8068
18|71|16|70|17|3949.0|8070
18|70|15|70|15|3570.0|8072
18|72|15|71|15|3713.5|8074
18|72|15|71|15|3658.5|8076
18|72|11|71|12|2520.0|8078
18|73|9|72|10|2261.5|8080
18|73|11|72|10|2409.0|8082
18|75|7|74|8|1404.5|8084
18|72|8|72|8|1608.0|8086
18|75|5|74|6|970.5|8088
18|73|2|73|3|244.5|8090
19|60|103|0|0|686.0|8636
19|58|100|29|50|1250.5|8638
19|57|96|45|77|1796.5|8640
19|56|94|52|87|2429.0|8642
19|53|92|52|90|2843.0|8644
19|52|89|52|89|3212.5|8646
19|53|88|52|88|3707.0|8648
19|54|87|53|87|3711.5|8650
19|57|86|55|86|4561.0|8652
19|60|78|58|81|3519.5|8654
19|62|74|60|76|3488.0|8656
19|63|73|62|74|3840.5|8658
19|67|69|65|71|4326.5|8660
19|66|67|65|68|4438.5|8662
19|65|60|65|63|3503.0|8664
19|68|55|66|58|4145.5|8666
19|69|49|68|52|4359.5|8668
19|69|43|68|46|4075.5|8670
19|72|37|70|40|4504.0|8672
19|73|31|72|34|4445.0|8674
19|71|24|71|28|4287.5|8676
19|73|21|72|23|4286.5|8678
19|72|18|72|20|4003.5|8680
19|72|14|72|16|3009.5|8682
19|73|11|72|13|2278.5|8684
19|71|9|71|10|1963.0|8686
19|71|6|71|7|1203.0|8688
19|71|3|71|4|612.0|8690
20|45|104|0|0|891.0|8984
20|50|99|25|49|1294.0|8986
20|54|93|42|75|1286.0|8988
20|52|89|48|83|951.5|8990
20|52|82|50|82|686.5|8992
20|46|81|47|81|937.5|8994
20|45|74|46|76|8.5|8996
20|43|73|44|74|1224.0|8998
20|41|71|42|72|1396.0|9000
20|44|71|43|71|1060.5|9002
20|47|66|45|68|1171.5|9006
20|57|57|52|61|1105.0|9008
20|55|58|54|59|1025.5|9010
20|55|59|54|59|936.0|9012
20|55|59|54|59|1012.5|9014
20|54|54|54|55|891.0|9016
20|52|46|52|49|921.5|9020
20|54|47|53|48|1026.5|9022
20|56|47|55|47|1015.5|9024
20|55|42|55|44|773.5|9026
20|59|34|57|37|829.5|9028
20|58|29|57|32|885.5|9030
20|54|24|55|27|1233.5|9032
20|58|15|57|19|1076.0|9034
20|59|5|58|10|804.0|9036
23|71|103|0|0|554.5|10238
23|65|101|32|50|1337.5|10240
23|62|98|50|79|1920.5|10242
23|60|94|56|88|3037.0|10244
23|58|87|57|87|4398.5|10246
23|49|74|52|79|5158.5|10248
23|52|75|52|76|5085.0|10250
23|56|74|54|74|4429.0|10252
23|62|71|59|72|3734.0|10254
23|68|64|64|67|3260.5|10256
23|61|64|62|65|4338.5|10258
23|66|63|64|63|3586.5|10260
23|62|55|62|58|4559.5|10262
23|64|52|63|54|4066.0|10264
23|63|41|63|46|3620.5|10266
23|64|40|63|42|3716.0|10268
23|60|28|61|33|4689.5|10270
23|58|21|59|25|3365.0|10272
23|60|20|59|22|2795.5|10274
23|60|14|59|17|1757.0|10276
23|57|12|58|13|1194.0|10278
25|56|104|0|0|488.5|10760
25|56|100|28|50|1244.0|10762
25|58|96|46|77|1852.0|10764
25|56|92|52|86|1672.5|10766
25|53|92|52|89|1886.5|10768
25|50|87|51|88|2142.5|10770
25|49|76|49|80|1869.0|10774
25|51|69|50|73|2084.5|10776
25|52|66|51|68|1161.5|10778
25|53|66|52|67|2290.5|10780
25|55|62|54|63|1975.0|10782
25|57|55|55|58|1366.0|10786
25|57|54|56|55|1340.5|10788
25|58|52|57|53|1614.5|10790
25|53|50|54|51|2199.5|10792
25|57|44|56|46|2146.5|10794
25|56|38|56|41|1961.0|10796
25|58|37|57|38|2087.5|10798
25|59|38|58|38|2011.5|10800
25|61|37|59|37|2018.5|10802
25|63|34|61|35|2039.5|10804
25|61|26|61|29|1790.5|10806
25|62|22|61|24|1734.0|10808
25|60|14|60|18|1665.5|10810
25|63|9|62|12|1665.5|10812
25|62|6|62|8|1622.0|10814
26|70|103|0|0|696.5|11800
26|66|101|33|50|711.0|11802
26|65|96|52|77|684.5|11804
26|62|93|58|87|653.0|11806
26|58|88|58|87|753.0|11810
26|58|85|58|86|818.5|11812
26|64|73|61|77|865.5|11822
26|61|62|61|68|832.5|11828
26|60|55|60|60|840.0|11830
26|60|49|60|53|780.5|11832
26|59|43|59|46|738.5|11834
26|59|36|59|40|677.0|11836
26|59|28|59|32|655.5|11838
26|60|21|59|25|752.5|11840
26|58|15|58|18|780.0|11842
26|58|7|58|11|865.0|11844
29|44|65|0|0|1557.5|13448
29|45|64|22|32|1799.5|13450
29|50|49|39|42|849.5|13458
29|52|47|47|45|1067.0|13460
29|51|46|49|45|1069.0|13462
29|52|41|51|42|1136.5|13464
29|51|40|51|41|1338.0|13466
29|50|36|50|37|1366.0|13468
29|48|32|48|34|1030.0|13470
29|47|26|47|29|933.0|13472
29|49|24|48|25|1239.5|13474
29|47|14|47|18|866.5|13476
29|46|13|46|15|45.5|13478
29|47|6|46|9|12.5|13480
32|65|32|0|0|662.0|13964
32|36|76|35|75|2394.0|13980
32|33|63|16|31|1161.0|13980
32|31|63|25|50|777.0|13980
32|35|67|31|60|1571.5|13980
32|33|61|32|60|874.5|13982
32|32|59|32|59|985.5|13984
32|31|55|31|56|936.0|13986
32|33|56|32|56|1088.0|13986
32|30|67|30|62|2632.5|13988
32|23|39|23|40|2207.0|14000
32|24|39|23|39|2436.5|14002
32|23|21|23|22|1433.0|14004
32|24|19|23|20|1382.0|14006
32|20|25|21|23|2725.5|14010
32|36|23|30|23|5672.5|14014
31|41|95|0|0|906.5|13958
31|43|92|21|46|1252.0|13960
31|45|90|41|83|1494.5|13962
31|42|89|41|86|1225.0|13964
31|40|88|40|87|1291.0|13968
31|40|87|40|87|1402.5|13970
31|43|87|41|87|1877.5|13972
31|37|76|38|80|1087.5|13974
31|33|67|35|72|1185.0|13978
31|36|76|35|74|2394.0|13980
31|33|63|34|67|1161.0|13980
31|31|63|32|64|777.0|13980
31|35|67|33|66|1571.5|13980
31|33|61|33|62|874.5|13982
31|32|59|32|60|985.5|13984
31|31|55|31|57|936.0|13986
31|33|56|32|56|1088.0|13986
31|30|67|30|62|2632.5|13988
31|23|39|24|42|2207.0|14000
31|24|39|26|48|2436.5|14002
31|23|21|23|23|1433.0|14004
31|24|19|25|30|1382.0|14006
31|20|25|21|26|2725.5|14010
31|36|23|30|24|5672.5|14014
30|65|73|0|0|610.0|13950
30|66|67|33|33|523.5|13952
30|67|64|53|51|551.5|13954
30|66|62|61|58|791.5|13956
30|63|56|62|56|753.5|13958
30|45|90|35|72|1494.5|13962
30|42|89|49|76|1225.0|13964
30|40|88|43|83|1291.0|13968
30|40|87|41|85|1402.5|13970
30|43|87|42|86|1877.5|13972
30|37|76|39|80|1087.5|13974
30|33|67|35|71|1185.0|13978
30|36|76|35|74|2394.0|13980
30|33|63|34|67|1161.0|13980
30|31|63|32|64|777.0|13980
30|35|67|33|66|1571.5|13980
30|33|61|33|62|874.5|13982
30|32|59|32|60|985.5|13984
30|31|55|31|57|936.0|13986
30|33|56|32|56|1088.0|13986
30|30|67|30|62|2632.5|13988
30|23|39|26|48|2207.0|14000
30|24|39|26|48|2436.5|14002
30|23|21|23|28|1433.0|14004
30|24|19|25|30|1382.0|14006
30|20|25|21|26|2725.5|14010
30|36|23|30|24|5672.5|14014
33|53|105|0|0|343.0|14520
33|51|104|25|52|507.5|14522
33|46|99|37|80|1146.0|14524
33|49|96|44|89|1190.5|14526
33|50|96|47|93|1273.0|14528
33|47|94|47|93|1929.0|14530
33|46|90|46|91|2458.0|14532
33|45|88|45|89|3339.5|14534
33|44|87|44|87|2140.5|14536
33|44|83|44|84|2716.5|14538
33|38|78|40|80|5279.0|14540
33|39|79|39|79|4414.5|14542
33|38|80|38|79|4670.0|14544
33|39|80|38|79|3656.0|14546
33|36|75|37|76|4340.0|14548
33|39|77|38|76|2760.5|14550
33|37|74|37|75|2812.5|14552
33|39|73|38|73|2132.5|14554
33|33|68|35|70|2545.0|14558
33|30|67|31|68|3155.5|14560
33|29|61|30|63|2299.0|14562
33|27|60|28|61|3738.0|14564
33|26|47|26|52|2180.5|14566
33|26|37|26|42|2296.5|14570
33|25|33|25|36|2426.5|14572
33|21|28|22|31|4178.5|14574
33|22|31|22|31|3562.5|14576
33|17|27|19|28|6312.0|14578
33|12|26|14|26|7572.5|14580
33|16|24|15|25|7276.0|14582
33|19|25|17|25|5059.5|14584
33|21|23|19|23|4248.0|14586
33|22|23|21|23|4649.0|14588
33|22|20|21|21|4020.5|14590
33|21|16|21|18|4675.5|14592
33|29|18|26|18|2761.5|14594
33|33|14|30|15|1961.0|14596
33|34|13|32|13|1558.5|14598
35|38|105|0|0|710.0|14782
35|37|103|18|51|1273.0|14784
35|40|100|31|80|1770.0|14788
35|43|99|38|91|1987.0|14790
35|44|96|41|94|2224.5|14792
35|48|91|45|92|1895.0|14794
35|45|86|45|88|1901.0|14796
35|42|85|43|86|2251.5|14798
35|42|85|42|85|2201.5|14800
35|42|81|42|82|2323.5|14802
35|41|78|41|79|2547.5|14804
35|39|74|39|76|2704.5|14806
35|35|67|36|70|2664.5|14810
35|50|56|44|61|1294.5|14822
35|42|40|43|48|2096.0|14838
35|42|39|42|42|2550.0|14840
35|44|34|43|37|2296.0|14842
35|46|26|45|30|2226.5|14844
35|46|22|45|25|2220.5|14846
35|49|18|47|20|2354.5|14848
35|48|12|47|15|2373.5|14850
35|47|7|47|10|1783.0|14852
35|47|4|47|6|974.0|14854
38|36|105|0|0|889.5|15400
38|37|103|18|51|1515.0|15402
38|36|101|29|81|2428.5|15404
38|37|98|33|91|3351.0|15406
38|35|94|34|93|5081.0|15408
38|37|93|36|93|4978.5|15410
38|40|92|38|92|4983.0|15412
38|39|90|38|90|6576.0|15414
38|40|88|39|89|6659.0|15416
38|39|87|39|87|7871.0|15418
38|39|84|39|85|8084.0|15420
38|35|83|36|83|9774.0|15422
38|35|85|35|84|9305.0|15424
38|36|85|35|84|8759.0|15426
38|33|84|34|84|9643.5|15428
38|36|80|35|81|9179.0|15430
38|35|72|35|75|8594.0|15432
38|33|70|33|72|8930.0|15434
38|32|67|32|68|9890.0|15436
38|36|64|34|65|8023.5|15438
38|40|54|37|58|5804.5|15440
38|39|52|38|54|6463.0|15442
38|36|55|36|54|10651.0|15444
38|38|52|37|53|10650.5|15446
38|34|50|35|51|11435.0|15448
38|32|46|33|47|11242.5|15450
38|34|43|33|44|9974.0|15452
38|34|32|33|36|11635.0|15454
38|40|28|37|31|8695.0|15456
38|42|26|40|28|7829.0|15458
38|41|25|40|26|8867.0|15460
38|39|24|39|24|9248.0|15462
38|37|21|38|22|8402.5|15464
38|38|20|38|20|7299.0|15466
38|35|18|36|19|7356.0|15468
38|39|19|37|19|6908.5|15470
38|38|22|37|20|8381.0|15472
38|41|21|39|20|7396.0|15474
38|43|19|41|19|6032.5|15476
38|42|19|41|19|6210.5|15478
38|43|19|42|19|5959.0|15480
38|43|15|42|16|4551.0|15482
38|43|13|42|14|3630.0|15484
38|48|9|46|11|2375.5|15486
38|48|9|47|9|2251.5|15488
38|55|7|52|8|1439.5|15490
38|48|6|49|6|1671.0|15492
38|47|5|47|5|1218.0|15494
43|60|103|0|0|531.5|17916
43|63|101|31|50|949.5|17918
43|67|96|52|77|2369.5|17920
43|64|98|59|90|1643.5|17922
43|63|97|61|94|1359.5|17924
43|63|95|62|94|1558.0|17926
43|63|94|62|94|1627.5|17928
43|65|93|64|93|1757.0|17930
43|63|94|63|93|1425.5|17932
43|67|94|65|93|1893.0|17934
43|68|92|67|92|2290.0|17936
43|67|89|67|90|2244.0|17938
43|68|88|67|88|2282.0|17940
43|71|86|69|87|3088.0|17942
43|70|83|69|84|2793.5|17944
43|70|80|69|81|3071.5|17946
43|71|77|70|78|3219.0|17948
43|71|76|70|77|3242.0|17950
43|71|73|70|74|3541.5|17952
43|68|69|69|71|2873.0|17954
43|66|63|67|66|2446.5|17956
43|64|59|65|61|2497.5|17958
43|64|57|64|58|2675.0|17960
43|60|55|61|56|2011.5|17962
43|60|52|60|53|2261.5|17964
43|62|46|61|48|2963.5|17966
43|58|45|59|46|2384.5|17968
43|56|43|57|44|2031.5|17970
43|56|39|56|41|2497.0|17972
43|52|36|53|37|2115.5|17974
43|51|34|52|35|2285.5|17976
43|52|31|52|32|2372.0|17978
43|54|29|53|30|2843.5|17980
43|53|25|53|27|3128.5|17982
43|55|26|54|26|3387.0|17984
43|56|29|55|28|3271.5|17986
43|57|28|56|28|3434.5|17988
43|58|27|57|27|3616.5|17990
43|57|25|57|25|3581.5|17992
43|60|25|58|25|3972.0|17994
43|56|25|57|25|2618.5|17996
43|55|21|55|22|2784.5|17998
43|53|21|54|21|2290.0|18000
43|52|21|52|21|2077.5|18002
43|53|19|52|19|2408.5|18004
43|53|17|52|18|2356.0|18006
43|52|17|52|17|2476.0|18008
43|54|16|53|16|2816.0|18010
43|53|14|53|14|2329.5|18012
43|53|13|53|13|2151.0|18014
43|55|12|54|12|2101.5|18016
43|54|11|54|11|1766.0|18018
43|55|11|54|11|1997.5|18020
43|55|10|54|10|1804.5|18022
43|55|9|54|9|1644.0|18024
43|55|8|54|8|1277.5|18026
43|57|8|56|8|1173.5|18028
43|57|8|56|8|1190.0|18030
43|56|7|56|7|930.0|18032
43|53|6|54|6|501.5|18034
43|51|6|52|6|460.5|18036
43|52|4|52|4|206.5|18038
46|62|100|0|0|728.0|19106
46|60|96|30|48|1086.0|19108
46|54|86|44|70|1044.5|19114
46|56|76|51|74|1136.0|19116
46|59|62|56|66|602.5|19120
46|57|57|56|60|1196.5|19124
46|56|43|56|49|804.0|19126
46|58|42|57|44|1346.5|19128
46|58|32|57|36|1066.0|19130
46|63|22|60|27|1393.0|19132
46|66|16|64|20|1127.0|19134
51|43|95|0|0|1199.0|20942
51|42|91|21|45|1069.0|20944
51|46|86|36|69|1526.0|20946
51|41|80|39|76|1039.0|20946
51|42|82|40|79|1142.0|20946
51|39|77|39|78|1346.5|20948
51|40|82|39|80|1340.0|20948
51|45|85|43|83|1463.5|20948
51|43|83|43|83|1812.5|20950
51|38|77|39|79|1691.0|20950
51|43|80|41|79|2729.5|20952
51|42|77|41|78|2880.5|20954
51|39|76|40|76|2595.5|20954
51|38|77|38|76|2974.0|20956
51|47|78|43|77|3170.5|20958
51|46|79|45|78|2340.5|20960
51|51|74|48|75|2401.0|20962
51|50|68|49|70|2332.5|20964
51|48|64|48|66|2415.5|20966
51|46|53|46|58|2841.5|20968
53|49|104|0|0|494.5|21212
53|51|101|25|50|857.0|21214
53|56|95|43|77|2338.5|21216
53|56|95|51|88|2164.0|21218
53|62|95|57|92|3595.0|21220
53|58|93|57|92|3028.0|21222
53|57|88|57|89|3545.5|21224
53|55|89|55|89|3380.5|21226
53|54|91|54|90|3211.5|21228
53|54|89|54|89|3806.0|21230
53|54|87|54|87|3640.5|21232
53|52|88|52|87|3722.5|21234
53|53|87|52|87|4014.5|21236
53|51|85|51|85|3417.5|21238
53|50|82|50|83|3856.0|21240
53|53|77|52|79|3503.0|21242
53|53|76|52|77|3880.0|21244
53|51|75|51|75|3966.0|21246
53|58|71|55|72|4370.0|21248
53|57|68|56|69|3996.0|21250
53|56|63|56|65|3950.0|21252
53|55|60|55|62|3666.5|21254
53|56|57|55|58|3882.0|21256
53|58|53|57|55|3629.0|21258
53|59|46|58|49|3950.5|21260
53|59|41|58|44|4102.0|21262
53|59|34|58|37|3883.0|21264
53|57|28|57|31|3757.5|21266
53|57|21|57|25|3467.5|21268
53|58|18|57|20|3665.0|21270
53|58|15|57|17|3538.5|21272
53|56|11|56|13|2522.5|21274
53|56|8|56|10|1347.0|21276
53|57|4|56|6|826.5|21278
54|54|105|0|0|922.0|21420
54|52|104|26|52|1282.5|21422
54|52|100|41|80|2635.0|21424
54|55|99|49|92|3467.0|21426
54|52|97|51|95|3448.5|21428
54|51|95|51|95|3664.5|21430
54|58|91|55|92|4907.0|21432
54|57|86|56|88|4674.5|21434
54|54|83|54|85|3834.0|21436
54|50|82|51|83|2709.5|21438
54|47|81|48|81|2896.0|21440
54|47|80|47|80|2902.0|21442
54|43|80|44|80|2593.0|21444
54|41|76|42|77|3338.0|21446
54|44|71|43|73|4264.0|21448
54|50|57|47|63|4523.5|21450
54|52|58|50|60|4193.5|21452
54|53|57|51|58|4761.5|21454
54|57|49|55|52|3951.0|21456
54|57|50|56|50|4043.5|21458
54|61|49|59|49|4162.0|21460
54|57|46|57|47|3225.5|21462
54|52|43|54|44|3632.5|21464
54|56|42|55|43|4158.5|21466
54|57|38|56|39|4413.0|21468
54|55|35|55|36|3749.0|21470
54|52|31|53|33|3079.5|21472
54|54|26|53|28|4147.5|21474
54|56|23|55|25|4265.5|21476
54|54|17|54|20|3427.0|21478
54|53|15|53|16|2874.5|21480
54|57|13|55|14|3515.5|21482
54|55|11|55|12|2045.5|21484
54|52|9|53|10|1263.0|21486
54|52|8|52|8|838.5|21488
56|37|104|0|0|829.0|22606
56|41|100|20|50|2422.5|22610
56|41|98|32|78|3014.0|22612
56|44|96|39|89|3566.5|22614
56|45|93|42|91|4155.5|22616
56|43|89|42|90|5216.0|22618
56|42|89|42|89|6566.5|22620
56|41|89|41|89|6308.0|22622
56|43|89|42|89|6706.5|22624
56|45|87|44|87|6831.5|22626
56|41|84|42|85|7503.5|22628
56|42|83|42|83|8043.0|22630
56|41|81|41|82|8282.5|22632
56|44|79|43|80|8053.0|22634
56|46|79|44|79|8179.5|22636
56|45|77|44|77|8278.0|22638
56|43|67|43|71|7478.0|22640
56|41|62|42|65|8441.5|22642
56|43|63|42|63|9448.5|22644
56|44|57|43|59|8687.5|22646
56|40|54|41|56|10605.5|22648
56|39|49|39|51|10191.5|22650
56|41|45|40|47|10032.5|22652
56|43|38|42|41|11006.5|22654
56|43|38|42|39|11109.0|22656
56|42|38|42|38|11215.5|22658
56|45|40|43|39|11212.5|22660
56|44|33|43|35|11734.0|22662
56|45|31|44|32|11700.5|22664
56|43|30|43|31|11462.0|22666
56|44|29|43|29|11107.0|22668
56|43|29|43|29|11068.0|22670
56|41|28|41|28|10066.5|22672
56|40|29|40|28|9667.5|22674
56|42|26|41|27|8732.5|22676
56|42|23|41|39|8019.5|22678
56|46|22|44|28|7055.5|22680
56|42|18|42|22|5757.5|22682
56|42|16|42|18|4886.5|22684
56|41|13|41|15|4083.5|22686
56|42|13|41|13|3397.5|22688
56|41|12|41|12|2881.5|22690
56|39|9|39|10|2052.5|22692
56|38|11|38|10|2836.5|22694
56|39|10|38|10|2598.0|22696
56|37|8|37|8|1866.5|22698
56|37|6|37|7|1292.5|22700
56|37|7|44|14|964.0|22704
56|34|10|38|11|2366.5|22706
56|33|9|34|10|1949.0|22708
57|41|104|0|0|622.0|22670
57|39|92|39|67|1056.5|22676
57|48|88|24|44|1635.0|22678
57|54|88|42|70|3069.0|22684
57|55|83|50|78|2690.0|22684
57|53|71|51|73|2033.5|22686
57|65|60|59|65|2384.0|22692
57|66|54|63|58|1916.5|22694
57|69|39|56|26|1479.5|22700
57|72|38|68|45|2948.0|22702
57|67|41|67|42|1925.0|22704
57|71|30|69|34|2493.0|22706
57|72|11|57|10|1870.5|22710
57|69|8|69|18|1657.0|22712
59|60|100|0|0|1302.0|23966
59|60|97|30|48|1363.5|23968
59|55|81|45|68|1270.5|23974
59|57|85|52|78|1646.0|23976
59|64|79|59|78|2729.5|23978
59|69|77|65|77|3131.5|23980
59|73|77|70|77|3160.5|23982
59|75|79|73|78|3569.5|23984
59|76|78|74|78|3435.0|23986
59|78|69|76|72|2882.0|23988
59|73|61|74|65|1386.0|23990
59|73|50|73|55|1166.5|23992
59|78|42|76|47|1799.0|23994
59|79|34|77|39|2012.5|23996
59|83|24|81|29|3275.0|23998
59|83|17|82|21|2383.5|24000
59|85|11|83|15|1331.5|24002
60|50|100|0|0|863.0|25206
60|52|97|26|48|968.5|25208
60|52|94|41|75|1235.5|25210
60|52|92|48|85|1388.0|25212
60|51|92|49|89|1375.5|25214
60|49|93|49|91|1371.0|25216
60|51|90|50|90|1276.0|25218
60|50|90|50|90|1331.5|25220
60|51|88|50|88|1556.5|25222
60|51|86|50|87|1604.0|25224
60|54|79|52|82|1547.0|25226
60|62|73|58|76|1421.0|25228
60|64|74|61|74|1518.0|25228
60|60|73|60|73|1199.5|25228
60|61|78|60|76|1650.0|25230
60|65|75|63|75|1582.0|25232
60|63|75|63|75|1867.5|25232
60|66|71|64|72|1622.5|25234
60|64|70|64|70|1762.0|25236
60|64|66|64|67|1321.5|25238
60|63|59|63|62|1154.0|25240
60|65|52|64|55|1522.0|25242
60|67|49|66|51|1735.5|25244
60|66|41|66|45|1740.5|25246
60|67|36|66|39|1525.0|25248
60|61|32|63|34|1917.0|25250
60|65|25|64|28|1545.0|25252
60|66|23|65|25|1555.5|25254
60|69|18|67|20|1404.0|25256
60|65|15|65|17|1139.5|25258
60|70|11|68|13|828.5|25260
60|69|8|68|10|704.0|25262
60|63|7|65|8|566.0|25264
60|64|5|64|6|379.0|25268
60|68|4|66|4|321.0|25270
60|70|4|68|4|331.0|25272
60|75|4|72|4|305.5|25274
61|45|101|0|0|873.5|27200
61|45|97|22|48|1137.5|27202
61|45|93|36|75|1421.0|27204
61|42|91|39|84|1512.5|27206
61|43|90|41|88|1554.0|27208
61|41|83|41|84|2215.5|27210
61|42|81|41|82|2005.0|27212
61|43|79|42|80|1923.0|27216
61|44|69|43|73|1177.0|27218
61|47|63|45|66|672.5|27220
61|47|58|46|61|1310.0|27224
61|45|55|45|57|1292.0|27226
61|45|34|45|42|1385.5|27232
66|51|93|0|0|1401.5|29782
66|49|87|24|43|1157.5|29788
66|47|90|38|71|1225.5|29790
66|47|73|43|72|1748.0|29800
66|55|57|50|62|837.5|29804
66|60|53|56|56|1228.5|29808
66|60|50|58|52|1180.0|29810
66|61|46|60|48|1398.0|29812
66|62|36|61|40|1307.0|29814
66|60|30|60|34|1238.5|29816
66|58|12|58|20|1060.5|29820
75|82|67|0|0|407.0|32372
75|52|89|51|89|6810.0|32374
75|53|90|26|45|7084.5|32376
75|53|89|42|71|7337.5|32378
75|53|89|48|82|7443.0|32380
75|54|89|52|86|7432.0|32382
75|54|89|53|88|8013.5|32384
75|54|87|53|87|7882.5|32386
75|54|83|53|84|7534.5|32388
75|55|81|54|82|7130.0|32390
75|56|78|55|79|7382.0|32392
75|57|77|56|78|7663.5|32394
75|60|75|58|76|8196.0|32396
75|61|74|60|74|8279.0|32398
75|62|71|61|72|7609.0|32400
75|63|70|62|70|8170.5|32402
75|63|67|62|68|7648.0|32404
75|66|64|64|65|7728.0|32406
75|64|62|64|63|7934.0|32408
75|67|60|65|61|8433.0|32410
75|67|57|66|58|8385.5|32412
75|67|54|66|55|7990.0|32414
75|66|51|66|52|8032.5|32416
75|64|48|64|49|8330.5|32418
75|66|46|65|47|8462.5|32420
75|65|43|65|44|8598.5|32422
75|65|39|65|41|8409.5|32424
75|65|37|65|38|8388.5|32426
75|64|35|64|36|8152.0|32428
75|65|31|64|33|8517.0|32430
75|65|26|64|28|8052.0|32432
75|66|23|65|25|8314.0|32434
75|64|22|64|23|8292.0|32436
75|66|19|65|20|8296.5|32438
75|65|16|65|17|7492.0|32440
75|65|14|65|15|6749.5|32442
75|65|14|65|14|6358.0|32444
75|65|12|65|12|5438.5|32446
75|65|9|65|10|3807.0|32448
75|66|6|65|7|2518.0|32450
75|65|6|65|6|2369.0|32452
75|66|4|65|5|1563.5|32454
75|67|3|66|3|893.0|32456
74|62|105|0|0|686.5|32256
74|63|102|31|51|1683.5|32258
74|62|101|49|81|1942.5|32260
74|63|100|57|92|2791.5|32262
74|63|99|61|96|3412.5|32264
74|63|98|62|97|3744.0|32266
74|61|96|61|96|4360.0|32268
74|60|96|60|96|4388.5|32270
74|59|96|59|96|4221.0|32272
74|57|96|57|96|4136.5|32274
74|54|97|55|96|3761.0|32276
74|55|98|55|97|3693.0|32278
74|52|98|53|97|3358.5|32280
74|53|99|53|98|3121.5|32282
74|52|99|52|98|2824.5|32284
74|52|99|52|98|2773.5|32286
74|52|99|52|98|2782.0|32288
74|51|98|51|98|3262.0|32290
74|51|98|51|98|3841.5|32292
74|51|96|51|96|4239.5|32294
74|52|95|51|95|4757.0|32296
74|52|94|51|94|4993.5|32298
74|51|93|51|93|5126.0|32300
74|53|92|52|92|5882.5|32302
74|55|92|53|92|6371.0|32304
74|55|92|54|92|6152.0|32306
74|54|91|54|91|6600.5|32308
74|52|90|52|90|6689.5|32310
74|51|89|51|89|7323.5|32312
74|49|89|50|89|7067.5|32314
74|51|87|50|87|7195.5|32316
74|42|88|45|87|5163.5|32318
74|36|93|39|91|3337.5|32320
74|34|95|36|93|2379.5|32322
74|36|95|36|94|2623.5|32324
74|36|95|36|94|2900.0|32326
74|39|95|37|94|3501.5|32328
74|38|95|37|94|3477.0|32330
74|37|95|37|94|3555.0|32332
74|37|95|37|94|3913.5|32334
74|35|95|35|94|3675.0|32336
74|35|95|35|94|3626.0|32338
74|33|95|33|94|3166.0|32340
74|32|95|32|94|3849.0|32342
74|30|95|31|94|3233.0|32344
74|29|95|29|94|2831.0|32346
74|28|95|28|94|2745.0|32348
74|27|95|27|95|3089.5|32350
74|30|95|29|95|3737.5|32352
74|29|95|29|95|4327.0|32354
74|27|94|27|94|4294.0|32356
74|28|92|27|92|5329.0|32358
74|29|91|28|91|6456.0|32360
74|29|91|28|91|6819.0|32362
74|32|93|30|92|7505.5|32364
74|44|91|38|91|8053.5|32366
74|50|89|45|89|6679.5|32368
74|50|89|48|89|6878.0|32370
74|51|89|50|89|6571.0|32372
74|52|89|51|89|6810.0|32374
74|53|90|52|89|7084.5|32376
74|53|89|52|89|7337.5|32378
74|53|89|52|89|7443.0|32380
74|54|89|53|89|7432.0|32382
74|54|89|53|89|8013.5|32384
74|54|87|53|87|7882.5|32386
74|54|83|53|84|7534.5|32388
74|55|81|54|82|7130.0|32390
74|56|78|55|79|7382.0|32392
74|57|77|56|78|7663.5|32394
74|60|75|58|76|8196.0|32396
74|61|74|60|74|8279.0|32398
74|62|71|61|72|7609.0|32400
74|63|70|62|70|8170.5|32402
74|63|67|62|68|7648.0|32404
74|66|64|64|65|7728.0|32406
74|64|62|64|63|7934.0|32408
74|67|60|65|61|8433.0|32410
74|67|57|66|58|8385.5|32412
74|67|54|66|55|7990.0|32414
74|66|51|66|52|8032.5|32416
74|64|48|64|49|8330.5|32418
74|66|46|65|47|8462.5|32420
74|65|43|65|44|8598.5|32422
74|65|39|65|41|8409.5|32424
74|65|37|65|38|8388.5|32426
74|64|35|64|36|8152.0|32428
74|65|31|64|33|8517.0|32430
74|65|26|64|28|8052.0|32432
74|66|23|65|25|8314.0|32434
74|64|22|64|23|8292.0|32436
74|66|19|65|20|8296.5|32438
74|65|16|65|17|7492.0|32440
74|65|14|65|15|6749.5|32442
74|65|14|65|14|6358.0|32444
74|65|12|65|12|5438.5|32446
74|65|9|65|10|3807.0|32448
74|66|6|65|7|2518.0|32450
74|65|6|65|6|2369.0|32452
74|66|4|65|5|1563.5|32454
74|67|3|66|3|893.0|32456
76|37|82|18|41|2073.0|34284
76|51|75|38|61|3197.0|34290
76|58|75|50|69|3514.5|34292
76|56|68|53|68|2353.5|34294
76|58|57|56|61|2551.5|34298
76|57|54|56|56|2700.5|34300
76|52|28|53|39|1756.5|34304
76|58|26|56|30|3419.5|34306
76|59|17|58|22|2613.0|34308
76|57|15|57|17|1797.0|34310
76|48|11|51|13|1366.0|34312
79|78|104|0|0|810.5|36370
79|76|104|38|52|951.5|36372
79|78|104|62|83|1944.5|36374
79|72|103|68|95|1500.5|36376
79|72|101|70|98|2412.0|36378
79|72|98|71|98|3332.0|36380
79|72|97|71|97|3432.0|36382
79|71|94|71|95|4084.5|36384
79|73|86|72|89|5411.0|36386
79|70|86|70|87|5743.5|36388
79|65|78|67|81|3944.0|36390
79|66|79|66|79|4336.5|36392
79|65|69|65|73|4127.0|36394
79|60|65|62|68|3531.0|36396
79|57|58|58|61|3790.5|36398
79|62|57|60|58|4774.0|36400
79|54|48|56|52|3670.5|36402
79|53|42|54|45|3893.5|36404
79|51|39|52|41|3647.0|36406
79|53|33|52|36|3582.0|36408
79|52|24|52|28|3175.0|36410
79|52|21|52|23|3514.5|36412
79|56|19|54|20|3793.5|36414
79|58|12|56|15|3821.0|36416
79|54|11|55|12|3174.0|36418
79|54|10|54|11|3267.5|36420
79|57|8|56|9|2297.5|36422
79|53|7|54|7|1559.5|36424
79|58|4|56|5|664.0|36426
81|62|105|0|0|719.5|37440
81|62|104|31|52|1123.0|37442
81|62|102|49|82|1686.5|37444
81|61|100|56|93|2454.0|37446
81|61|96|59|94|3235.5|37448
81|60|96|59|95|3980.0|37450
81|61|92|60|93|4922.5|37452
81|60|89|60|90|4846.0|37454
81|58|84|58|86|4740.5|37456
81|55|78|56|81|5874.0|37458
81|52|75|53|77|6269.0|37460
81|51|69|52|72|6422.5|37462
81|51|66|51|68|6199.5|37464
81|54|63|53|65|5809.5|37466
81|54|59|53|61|5267.5|37468
81|54|54|53|56|5368.5|37470
81|51|47|52|50|7028.5|37472
81|51|43|51|45|6389.0|37474
81|50|37|50|40|7089.0|37476
81|47|31|48|34|7571.5|37478
81|43|27|45|29|8466.5|37480
81|39|19|41|23|8049.5|37482
81|40|19|40|20|8237.0|37484
81|40|19|40|19|8078.0|37486
81|40|19|40|19|8024.0|37488
81|41|18|40|18|8268.5|37490
81|42|18|41|18|8284.0|37492
81|43|18|42|18|7937.0|37494
81|43|17|42|17|7968.5|37496
81|43|16|42|16|7690.0|37498
81|43|15|42|15|6703.5|37500
81|43|13|42|13|5432.5|37502
81|46|13|44|13|4892.0|37504
81|47|10|46|11|4046.5|37506
81|48|8|47|9|2674.0|37508
81|48|6|47|7|2111.5|37510
81|49|4|48|5|1099.0|37512
81|50|2|49|3|554.0|37514
82|32|104|0|0|1811.5|39566
82|31|103|15|51|2255.5|39568
82|30|100|24|80|3989.0|39570
82|30|99|27|91|4554.5|39572
82|31|97|29|95|5716.0|39574
82|31|96|30|95|6322.5|39576
82|31|95|30|95|7074.5|39578
82|30|93|30|93|7511.0|39580
82|30|93|30|93|7788.5|39582
82|30|92|30|92|8047.5|39584
82|32|91|31|91|8764.0|39586
82|35|87|33|88|8542.5|39588
82|39|83|36|85|8498.0|39590
82|41|82|39|83|8121.0|39592
82|42|78|41|79|8834.0|39594
82|45|74|43|76|7589.5|39596
82|46|73|45|74|7775.5|39598
82|48|72|46|72|7633.5|39600
82|48|65|47|68|7130.0|39602
82|49|64|48|65|7178.5|39604
82|49|61|48|62|7592.0|39606
82|49|58|48|59|8371.0|39608
82|50|56|49|57|8277.5|39610
82|50|51|49|53|8257.5|39612
82|50|47|49|49|7992.0|39614
82|50|47|49|47|7972.0|39616
82|50|44|49|45|8019.5|39618
82|50|40|49|42|8041.0|39620
82|49|38|49|39|8075.5|39622
82|49|36|49|37|8156.5|39624
82|49|32|49|34|8256.0|39626
82|50|29|49|30|7869.5|39628
82|51|27|50|28|7907.5|39630
82|51|24|50|25|7568.0|39632
82|48|22|49|23|8103.5|39634
82|47|21|47|21|7923.0|39636
82|47|20|47|20|8693.0|39638
82|49|19|48|19|8532.0|39640
82|50|16|49|17|8294.0|39642
82|53|14|51|15|7266.0|39644
82|55|12|53|13|7447.5|39646
82|55|10|54|11|6228.5|39648
82|55|9|54|9|5634.5|39650
82|55|8|54|8|4806.0|39652
82|50|7|51|7|3371.5|39654
82|40|7|44|7|3115.5|39656
82|41|7|42|7|2763.0|39658
82|41|6|41|6|2588.5|39660
82|40|8|40|7|3040.5|39662
82|40|8|40|7|2922.5|39664
82|42|7|41|7|3073.0|39666
82|44|7|42|7|3246.0|39668
82|45|5|44|5|2515.5|39670
83|72|103|0|0|866.5|40316
83|72|99|36|49|1398.5|40318
83|77|96|60|77|1965.5|40320
83|79|93|71|87|2605.5|40322
83|83|90|78|88|3498.5|40324
83|86|83|83|85|3441.0|40326
83|84|78|83|80|3134.0|40328
83|80|70|81|74|2421.5|40330
83|80|64|80|67|2287.5|40332
83|81|54|80|59|2311.0|40334
83|81|50|80|53|2804.0|40336
83|80|42|80|46|3482.5|40338
83|74|38|76|41|2825.5|40340
83|69|30|71|34|2537.0|40342
83|67|23|68|27|2465.5|40344
83|65|17|66|20|2005.5|40346
83|71|13|69|16|2699.5|40348
83|74|8|72|11|2461.0|40350
83|71|8|71|9|1251.0|40352
83|68|4|69|5|332.0|40354
85|62|97|0|0|2069.0|43714
85|61|94|30|47|3448.5|43716
85|58|89|47|72|4551.5|43718
85|60|90|55|83|5784.5|43720
85|57|81|56|81|8402.5|43722
85|63|77|60|78|10422.5|43724
85|76|71|70|73|106.5|43726
85|70|66|70|69|9615.5|43728
85|69|55|69|60|10343.0|43730
85|62|50|64|53|10711.0|43732
85|64|40|64|45|11672.0|43734
85|57|28|59|34|10842.0|43736
85|66|21|63|26|8337.0|43738
85|67|17|65|20|7069.0|43740
85|73|13|70|15|4699.0|43742
85|72|10|71|12|3608.0|43744
87|29|105|0|0|1066.5|43842
87|33|105|16|52|1090.0|43844
87|32|104|25|83|1370.0|43846
87|31|103|29|95|1717.0|43848
87|29|100|29|98|3051.5|43850
87|28|99|28|98|3956.5|43852
87|29|98|28|98|4205.5|43854
87|29|97|28|97|4752.0|43856
87|29|96|28|96|5398.5|43858
87|29|96|28|96|5373.5|43860
87|28|96|28|96|5662.0|43862
87|29|94|28|94|6273.0|43864
87|30|93|29|93|6455.0|43866
87|32|91|31|92|6635.5|43868
87|31|89|31|90|6792.5|43870
87|29|88|29|88|7425.5|43872
87|26|86|27|87|8538.5|43874
87|26|85|26|85|8699.5|43876
87|26|83|26|84|8825.5|43878
87|28|81|27|82|8620.0|43880
87|28|75|27|77|8072.5|43882
87|31|73|29|74|7727.0|43884
87|30|68|29|70|7900.0|43886
87|30|64|29|66|7471.0|43888
87|28|62|28|63|8118.5|43890
87|31|58|30|60|7569.0|43892
87|31|56|30|57|7522.0|43894
87|32|53|31|54|7097.5|43896
87|31|48|31|50|7185.5|43898
87|34|48|32|48|7488.0|43900
87|33|42|32|44|7447.5|43902
87|34|38|33|40|7192.0|43904
87|30|30|31|34|8032.0|43906
87|29|27|29|29|9042.0|43908
87|30|22|29|24|9009.5|43910
87|33|21|31|22|8673.5|43912
87|37|19|35|20|7179.5|43914
87|36|16|35|17|6782.5|43916
87|36|15|35|16|6065.5|43918
87|37|13|36|14|4786.0|43920
87|37|11|36|12|3211.5|43922
87|36|10|36|10|2801.0|43924
87|37|7|36|8|1534.5|43926
90|65|98|0|0|2060.5|48450
90|63|95|31|47|1777.5|48452
90|66|91|52|73|3488.5|48454
90|64|89|59|83|2870.5|48456
90|62|77|61|79|1566.0|48458
90|62|72|61|74|1761.5|48460
90|61|60|61|65|1473.5|48462
90|64|64|62|64|2821.0|48464
90|65|57|64|59|3374.0|48466
90|65|52|64|55|3620.5|48468
90|65|42|64|46|2383.0|48470
90|68|36|66|40|3777.0|48472
90|68|20|67|27|2047.5|48474
90|71|20|69|22|3493.0|48476
90|67|19|68|20|1978.0|48478
91|69|105|0|0|957.5|49234
91|69|105|34|52|1064.0|49236
91|71|104|56|83|1275.0|49238
91|70|105|64|96|1221.5|49240
91|71|105|68|101|1074.5|49242
91|72|105|70|103|1039.5|49244
91|78|102|75|102|1616.0|49246
91|75|102|75|102|2133.0|49248
91|75|101|75|101|2183.5|49250
91|76|101|75|101|2315.0|49252
91|73|100|74|100|2611.5|49254
91|63|99|67|99|2508.0|49264
91|61|98|63|98|2955.5|49266
91|66|96|64|96|2097.0|49266
91|63|95|63|95|3648.0|49268
91|63|87|63|90|3125.5|49270
91|64|87|63|88|4464.5|49272
91|66|84|65|85|4780.5|49274
91|62|83|63|84|5358.0|49276
91|57|76|59|79|3654.0|49278
91|56|72|57|74|3687.5|49280
91|61|74|59|74|6168.5|49282
91|58|70|58|71|6748.0|49284
91|59|64|58|66|6449.0|49286
91|56|52|57|57|4874.0|49288
91|58|49|57|52|5462.5|49290
91|54|47|55|49|6303.5|49292
91|53|40|53|43|6123.0|49294
91|52|39|52|40|7294.0|49296
91|49|35|50|37|6924.5|49298
91|49|32|49|33|7379.0|49300
91|46|28|47|30|6974.0|49302
91|49|25|48|27|7774.5|49304
91|46|18|46|21|6980.0|49306
91|45|13|45|16|5454.5|49308
91|44|10|44|12|3956.0|49310
91|45|9|44|10|3415.5|49312
91|46|8|45|8|3328.5|49314
91|48|5|47|6|1949.5|49318
92|61|102|0|0|524.0|49818
92|62|97|31|48|1394.5|49820
92|62|93|49|75|2699.5|49822
92|54|94|52|86|1675.5|49824
92|56|92|54|90|2144.0|49826
92|53|87|53|88|1910.5|49828
92|58|79|56|82|2163.5|49830
92|56|74|56|77|1857.0|49832
92|58|68|57|71|41.5|49834
92|57|59|57|63|2128.5|49836
92|52|62|53|62|2229.0|49838
92|54|47|53|52|2202.0|49840
92|51|41|52|45|2224.0|49842
92|50|34|50|38|2902.5|49844
92|48|29|49|32|3120.0|49846
92|44|26|45|28|2750.5|49848
92|40|21|42|23|2145.5|49850
92|41|11|41|15|1164.0|49854
92|41|11|41|12|1984.5|49856
94|29|98|0|0|3188.0|50122
94|26|98|13|49|3476.0|50124
94|28|96|22|77|4034.5|50126
94|33|93|28|86|3380.5|50128
94|29|93|28|90|5515.0|50130
94|31|90|30|90|5145.0|50132
94|32|87|31|88|4936.0|50134
94|33|86|32|86|4265.0|50136
94|32|84|32|85|5652.5|50138
94|34|79|33|81|6423.0|50140
94|34|78|33|79|6426.0|50142
94|38|77|36|77|3362.0|50144
94|37|75|36|76|4280.5|50146
94|35|74|35|74|5191.5|50148
94|34|68|34|70|5458.0|50150
94|31|62|32|65|6612.5|50152
94|33|60|32|62|5497.0|50154
94|33|58|32|59|5597.0|50156
94|35|56|34|57|4926.5|50158
94|31|53|32|54|6298.5|50160
94|31|53|31|53|5590.0|50162
94|34|49|33|50|4741.5|50164
94|29|44|30|46|5533.5|50166
94|29|40|29|42|5710.0|50168
94|30|36|29|38|5539.0|50170
94|34|33|32|35|4753.5|50172
94|33|27|32|30|5729.0|50174
94|33|25|32|26|6181.0|50176
94|35|19|34|22|5766.0|50178
94|42|14|39|17|2839.0|50182
94|45|12|42|13|1707.5|50184
95|70|99|0|0|1858.0|50844
95|70|90|35|45|1703.5|50846
95|68|81|54|66|1590.5|50848
95|69|76|63|72|2041.5|50850
95|68|68|66|69|1915.0|50852
95|68|57|67|61|1743.5|50854
95|61|49|63|53|1173.0|50856
95|59|40|60|45|1946.5|50858
95|56|33|57|37|1989.0|50860
95|58|27|57|31|2317.0|50862
95|55|23|56|26|1951.0|50864
95|55|16|55|19|1969.5|50866
95|57|12|56|14|2196.5|50868
95|53|10|54|11|1124.5|50870
95|57|6|55|8|863.0|50872
100|67|103|0|0|746.0|51746
100|69|101|34|50|1210.0|51748
100|68|102|54|81|1039.5|51750
100|66|99|61|92|1136.5|51752
100|61|93|61|92|1920.0|51754
100|61|92|61|92|2029.0|51756
100|67|88|64|89|1272.0|51758
100|67|85|66|86|1447.5|51760
100|68|76|67|80|1735.0|51762
100|71|74|69|76|2054.5|51764
100|66|68|67|71|1174.0|51766
100|64|61|65|64|1178.0|51768
100|65|56|65|59|1071.0|51770
100|62|46|63|51|1108.5|51772
100|64|44|63|46|1870.5|51774
100|61|41|62|43|1450.0|51776
100|60|34|60|37|1618.5|51778
100|64|29|62|32|1222.0|51780
100|67|26|65|28|1147.5|51782
100|66|21|65|23|1241.5|51784
100|66|15|65|18|984.0|51786
100|64|12|64|14|1694.5|51788
100|61|7|62|9|919.5|51790
102|57|69|0|0|823.5|53970
102|56|63|28|31|696.0|53972
102|58|58|46|47|663.0|53974
102|63|53|56|50|698.0|53976
102|63|49|60|49|622.5|53978
102|65|43|63|45|661.0|53980
102|67|36|65|39|758.0|53982
102|70|29|68|33|768.0|53984
102|70|21|69|25|823.0|53986
102|70|12|69|17|687.5|53988
102|70|7|69|10|435.0|53990
